Q2l	 Q2u	 zl	 zu	 Ptl	 Ptu	 xl	 xu
1.0	 2.0	 0.30	 0.35	 0.0	 0.2	 0.0000	 0.1005
1.0	 2.0	 0.30	 0.35	 0.0	 0.2	 0.1005	 0.1136
1.0	 2.0	 0.30	 0.35	 0.0	 0.2	 0.1136	 0.1240
1.0	 2.0	 0.30	 0.35	 0.0	 0.2	 0.1240	 0.1332
1.0	 2.0	 0.30	 0.35	 0.0	 0.2	 0.1332	 0.1416
1.0	 2.0	 0.30	 0.35	 0.0	 0.2	 0.1416	 0.1501
1.0	 2.0	 0.30	 0.35	 0.0	 0.2	 0.1501	 0.1589
1.0	 2.0	 0.30	 0.35	 0.0	 0.2	 0.1589	 0.1681
1.0	 2.0	 0.30	 0.35	 0.0	 0.2	 0.1681	 0.1784
1.0	 2.0	 0.30	 0.35	 0.0	 0.2	 0.1784	 0.1899
1.0	 2.0	 0.30	 0.35	 0.0	 0.2	 0.1899	 0.2053
1.0	 2.0	 0.30	 0.35	 0.0	 0.2	 0.2053	 0.2256
1.0	 2.0	 0.30	 0.35	 0.0	 0.2	 0.2256	 0.2590
1.0	 2.0	 0.30	 0.35	 0.0	 0.2	 0.2590	 0.7000
1.0	 2.0	 0.30	 0.35	 0.2	 0.4	 0.0000	 0.0698
1.0	 2.0	 0.30	 0.35	 0.2	 0.4	 0.0698	 0.0748
1.0	 2.0	 0.30	 0.35	 0.2	 0.4	 0.0748	 0.0787
1.0	 2.0	 0.30	 0.35	 0.2	 0.4	 0.0787	 0.0824
1.0	 2.0	 0.30	 0.35	 0.2	 0.4	 0.0824	 0.0855
1.0	 2.0	 0.30	 0.35	 0.2	 0.4	 0.0855	 0.0887
1.0	 2.0	 0.30	 0.35	 0.2	 0.4	 0.0887	 0.0917
1.0	 2.0	 0.30	 0.35	 0.2	 0.4	 0.0917	 0.0946
1.0	 2.0	 0.30	 0.35	 0.2	 0.4	 0.0946	 0.0975
1.0	 2.0	 0.30	 0.35	 0.2	 0.4	 0.0975	 0.1005
1.0	 2.0	 0.30	 0.35	 0.2	 0.4	 0.1005	 0.1035
1.0	 2.0	 0.30	 0.35	 0.2	 0.4	 0.1035	 0.1064
1.0	 2.0	 0.30	 0.35	 0.2	 0.4	 0.1064	 0.1095
1.0	 2.0	 0.30	 0.35	 0.2	 0.4	 0.1095	 0.1125
1.0	 2.0	 0.30	 0.35	 0.2	 0.4	 0.1125	 0.1157
1.0	 2.0	 0.30	 0.35	 0.2	 0.4	 0.1157	 0.1190
1.0	 2.0	 0.30	 0.35	 0.2	 0.4	 0.1190	 0.1224
1.0	 2.0	 0.30	 0.35	 0.2	 0.4	 0.1224	 0.1259
1.0	 2.0	 0.30	 0.35	 0.2	 0.4	 0.1259	 0.1294
1.0	 2.0	 0.30	 0.35	 0.2	 0.4	 0.1294	 0.1330
1.0	 2.0	 0.30	 0.35	 0.2	 0.4	 0.1330	 0.1372
1.0	 2.0	 0.30	 0.35	 0.2	 0.4	 0.1372	 0.1418
1.0	 2.0	 0.30	 0.35	 0.2	 0.4	 0.1418	 0.1470
1.0	 2.0	 0.30	 0.35	 0.2	 0.4	 0.1470	 0.1530
1.0	 2.0	 0.30	 0.35	 0.2	 0.4	 0.1530	 0.1600
1.0	 2.0	 0.30	 0.35	 0.2	 0.4	 0.1600	 0.1688
1.0	 2.0	 0.30	 0.35	 0.2	 0.4	 0.1688	 0.1802
1.0	 2.0	 0.30	 0.35	 0.2	 0.4	 0.1802	 0.1955
1.0	 2.0	 0.30	 0.35	 0.2	 0.4	 0.1955	 0.2174
1.0	 2.0	 0.30	 0.35	 0.2	 0.4	 0.2174	 0.2535
1.0	 2.0	 0.30	 0.35	 0.2	 0.4	 0.2535	 0.7000
1.0	 2.0	 0.30	 0.35	 0.4	 0.6	 0.0000	 0.0646
1.0	 2.0	 0.30	 0.35	 0.4	 0.6	 0.0646	 0.0691
1.0	 2.0	 0.30	 0.35	 0.4	 0.6	 0.0691	 0.0728
1.0	 2.0	 0.30	 0.35	 0.4	 0.6	 0.0728	 0.0764
1.0	 2.0	 0.30	 0.35	 0.4	 0.6	 0.0764	 0.0796
1.0	 2.0	 0.30	 0.35	 0.4	 0.6	 0.0796	 0.0829
1.0	 2.0	 0.30	 0.35	 0.4	 0.6	 0.0829	 0.0863
1.0	 2.0	 0.30	 0.35	 0.4	 0.6	 0.0863	 0.0897
1.0	 2.0	 0.30	 0.35	 0.4	 0.6	 0.0897	 0.0933
1.0	 2.0	 0.30	 0.35	 0.4	 0.6	 0.0933	 0.0972
1.0	 2.0	 0.30	 0.35	 0.4	 0.6	 0.0972	 0.1013
1.0	 2.0	 0.30	 0.35	 0.4	 0.6	 0.1013	 0.1057
1.0	 2.0	 0.30	 0.35	 0.4	 0.6	 0.1057	 0.1104
1.0	 2.0	 0.30	 0.35	 0.4	 0.6	 0.1104	 0.1155
1.0	 2.0	 0.30	 0.35	 0.4	 0.6	 0.1155	 0.1208
1.0	 2.0	 0.30	 0.35	 0.4	 0.6	 0.1208	 0.1266
1.0	 2.0	 0.30	 0.35	 0.4	 0.6	 0.1266	 0.1332
1.0	 2.0	 0.30	 0.35	 0.4	 0.6	 0.1332	 0.1417
1.0	 2.0	 0.30	 0.35	 0.4	 0.6	 0.1417	 0.1523
1.0	 2.0	 0.30	 0.35	 0.4	 0.6	 0.1523	 0.1670
1.0	 2.0	 0.30	 0.35	 0.4	 0.6	 0.1670	 0.1871
1.0	 2.0	 0.30	 0.35	 0.4	 0.6	 0.1871	 0.2210
1.0	 2.0	 0.30	 0.35	 0.4	 0.6	 0.2210	 0.7000
1.0	 2.0	 0.30	 0.35	 0.6	 0.8	 0.0000	 0.0715
1.0	 2.0	 0.30	 0.35	 0.6	 0.8	 0.0715	 0.0835
1.0	 2.0	 0.30	 0.35	 0.6	 0.8	 0.0835	 0.0965
1.0	 2.0	 0.30	 0.35	 0.6	 0.8	 0.0965	 0.1129
1.0	 2.0	 0.30	 0.35	 0.6	 0.8	 0.1129	 0.1350
1.0	 2.0	 0.30	 0.35	 0.6	 0.8	 0.1350	 0.2087
1.0	 2.0	 0.30	 0.35	 0.6	 0.8	 0.2087	 0.7000
1.0	 2.0	 0.35	 0.40	 0.0	 0.2	 0.0000	 0.1123
1.0	 2.0	 0.35	 0.40	 0.0	 0.2	 0.1123	 0.1282
1.0	 2.0	 0.35	 0.40	 0.0	 0.2	 0.1282	 0.1410
1.0	 2.0	 0.35	 0.40	 0.0	 0.2	 0.1410	 0.1530
1.0	 2.0	 0.35	 0.40	 0.0	 0.2	 0.1530	 0.1654
1.0	 2.0	 0.35	 0.40	 0.0	 0.2	 0.1654	 0.1792
1.0	 2.0	 0.35	 0.40	 0.0	 0.2	 0.1792	 0.1952
1.0	 2.0	 0.35	 0.40	 0.0	 0.2	 0.1952	 0.2180
1.0	 2.0	 0.35	 0.40	 0.0	 0.2	 0.2180	 0.2582
1.0	 2.0	 0.35	 0.40	 0.0	 0.2	 0.2582	 0.7000
1.0	 2.0	 0.35	 0.40	 0.2	 0.4	 0.0000	 0.0758
1.0	 2.0	 0.35	 0.40	 0.2	 0.4	 0.0758	 0.0822
1.0	 2.0	 0.35	 0.40	 0.2	 0.4	 0.0822	 0.0873
1.0	 2.0	 0.35	 0.40	 0.2	 0.4	 0.0873	 0.0918
1.0	 2.0	 0.35	 0.40	 0.2	 0.4	 0.0918	 0.0964
1.0	 2.0	 0.35	 0.40	 0.2	 0.4	 0.0964	 0.1008
1.0	 2.0	 0.35	 0.40	 0.2	 0.4	 0.1008	 0.1051
1.0	 2.0	 0.35	 0.40	 0.2	 0.4	 0.1051	 0.1095
1.0	 2.0	 0.35	 0.40	 0.2	 0.4	 0.1095	 0.1141
1.0	 2.0	 0.35	 0.40	 0.2	 0.4	 0.1141	 0.1185
1.0	 2.0	 0.35	 0.40	 0.2	 0.4	 0.1185	 0.1233
1.0	 2.0	 0.35	 0.40	 0.2	 0.4	 0.1233	 0.1283
1.0	 2.0	 0.35	 0.40	 0.2	 0.4	 0.1283	 0.1333
1.0	 2.0	 0.35	 0.40	 0.2	 0.4	 0.1333	 0.1388
1.0	 2.0	 0.35	 0.40	 0.2	 0.4	 0.1388	 0.1448
1.0	 2.0	 0.35	 0.40	 0.2	 0.4	 0.1448	 0.1520
1.0	 2.0	 0.35	 0.40	 0.2	 0.4	 0.1520	 0.1610
1.0	 2.0	 0.35	 0.40	 0.2	 0.4	 0.1610	 0.1722
1.0	 2.0	 0.35	 0.40	 0.2	 0.4	 0.1722	 0.1878
1.0	 2.0	 0.35	 0.40	 0.2	 0.4	 0.1878	 0.2120
1.0	 2.0	 0.35	 0.40	 0.2	 0.4	 0.2120	 0.2551
1.0	 2.0	 0.35	 0.40	 0.2	 0.4	 0.2551	 0.7000
1.0	 2.0	 0.35	 0.40	 0.4	 0.6	 0.0000	 0.0673
1.0	 2.0	 0.35	 0.40	 0.4	 0.6	 0.0673	 0.0732
1.0	 2.0	 0.35	 0.40	 0.4	 0.6	 0.0732	 0.0779
1.0	 2.0	 0.35	 0.40	 0.4	 0.6	 0.0779	 0.0823
1.0	 2.0	 0.35	 0.40	 0.4	 0.6	 0.0823	 0.0865
1.0	 2.0	 0.35	 0.40	 0.4	 0.6	 0.0865	 0.0911
1.0	 2.0	 0.35	 0.40	 0.4	 0.6	 0.0911	 0.0958
1.0	 2.0	 0.35	 0.40	 0.4	 0.6	 0.0958	 0.1009
1.0	 2.0	 0.35	 0.40	 0.4	 0.6	 0.1009	 0.1061
1.0	 2.0	 0.35	 0.40	 0.4	 0.6	 0.1061	 0.1117
1.0	 2.0	 0.35	 0.40	 0.4	 0.6	 0.1117	 0.1179
1.0	 2.0	 0.35	 0.40	 0.4	 0.6	 0.1179	 0.1246
1.0	 2.0	 0.35	 0.40	 0.4	 0.6	 0.1246	 0.1326
1.0	 2.0	 0.35	 0.40	 0.4	 0.6	 0.1326	 0.1430
1.0	 2.0	 0.35	 0.40	 0.4	 0.6	 0.1430	 0.1569
1.0	 2.0	 0.35	 0.40	 0.4	 0.6	 0.1569	 0.1788
1.0	 2.0	 0.35	 0.40	 0.4	 0.6	 0.1788	 0.2192
1.0	 2.0	 0.35	 0.40	 0.4	 0.6	 0.2192	 0.7000
1.0	 2.0	 0.35	 0.40	 0.6	 0.8	 0.0000	 0.0705
1.0	 2.0	 0.35	 0.40	 0.6	 0.8	 0.0705	 0.0806
1.0	 2.0	 0.35	 0.40	 0.6	 0.8	 0.0806	 0.0908
1.0	 2.0	 0.35	 0.40	 0.6	 0.8	 0.0908	 0.1030
1.0	 2.0	 0.35	 0.40	 0.6	 0.8	 0.1030	 0.1180
1.0	 2.0	 0.35	 0.40	 0.6	 0.8	 0.1180	 0.1382
1.0	 2.0	 0.35	 0.40	 0.6	 0.8	 0.1382	 0.1794
1.0	 2.0	 0.35	 0.40	 0.6	 0.8	 0.1794	 0.7000
1.0	 2.0	 0.35	 0.40	 0.8	 1.6	 0.0000	 0.7000
1.0	 2.0	 0.40	 0.45	 0.0	 0.2	 0.0000	 0.1238
1.0	 2.0	 0.40	 0.45	 0.0	 0.2	 0.1238	 0.1438
1.0	 2.0	 0.40	 0.45	 0.0	 0.2	 0.1438	 0.1608
1.0	 2.0	 0.40	 0.45	 0.0	 0.2	 0.1608	 0.1788
1.0	 2.0	 0.40	 0.45	 0.0	 0.2	 0.1788	 0.2009
1.0	 2.0	 0.40	 0.45	 0.0	 0.2	 0.2009	 0.2365
1.0	 2.0	 0.40	 0.45	 0.0	 0.2	 0.2365	 0.7000
1.0	 2.0	 0.40	 0.45	 0.2	 0.4	 0.0000	 0.0816
1.0	 2.0	 0.40	 0.45	 0.2	 0.4	 0.0816	 0.0899
1.0	 2.0	 0.40	 0.45	 0.2	 0.4	 0.0899	 0.0971
1.0	 2.0	 0.40	 0.45	 0.2	 0.4	 0.0971	 0.1037
1.0	 2.0	 0.40	 0.45	 0.2	 0.4	 0.1037	 0.1103
1.0	 2.0	 0.40	 0.45	 0.2	 0.4	 0.1103	 0.1168
1.0	 2.0	 0.40	 0.45	 0.2	 0.4	 0.1168	 0.1233
1.0	 2.0	 0.40	 0.45	 0.2	 0.4	 0.1233	 0.1299
1.0	 2.0	 0.40	 0.45	 0.2	 0.4	 0.1299	 0.1369
1.0	 2.0	 0.40	 0.45	 0.2	 0.4	 0.1369	 0.1446
1.0	 2.0	 0.40	 0.45	 0.2	 0.4	 0.1446	 0.1537
1.0	 2.0	 0.40	 0.45	 0.2	 0.4	 0.1537	 0.1652
1.0	 2.0	 0.40	 0.45	 0.2	 0.4	 0.1652	 0.1814
1.0	 2.0	 0.40	 0.45	 0.2	 0.4	 0.1814	 0.2078
1.0	 2.0	 0.40	 0.45	 0.2	 0.4	 0.2078	 0.2590
1.0	 2.0	 0.40	 0.45	 0.2	 0.4	 0.2590	 0.7000
1.0	 2.0	 0.40	 0.45	 0.4	 0.6	 0.0000	 0.0710
1.0	 2.0	 0.40	 0.45	 0.4	 0.6	 0.0710	 0.0780
1.0	 2.0	 0.40	 0.45	 0.4	 0.6	 0.0780	 0.0840
1.0	 2.0	 0.40	 0.45	 0.4	 0.6	 0.0840	 0.0899
1.0	 2.0	 0.40	 0.45	 0.4	 0.6	 0.0899	 0.0958
1.0	 2.0	 0.40	 0.45	 0.4	 0.6	 0.0958	 0.1019
1.0	 2.0	 0.40	 0.45	 0.4	 0.6	 0.1019	 0.1088
1.0	 2.0	 0.40	 0.45	 0.4	 0.6	 0.1088	 0.1162
1.0	 2.0	 0.40	 0.45	 0.4	 0.6	 0.1162	 0.1243
1.0	 2.0	 0.40	 0.45	 0.4	 0.6	 0.1243	 0.1333
1.0	 2.0	 0.40	 0.45	 0.4	 0.6	 0.1333	 0.1454
1.0	 2.0	 0.40	 0.45	 0.4	 0.6	 0.1454	 0.1647
1.0	 2.0	 0.40	 0.45	 0.4	 0.6	 0.1647	 0.2013
1.0	 2.0	 0.40	 0.45	 0.4	 0.6	 0.2013	 0.7000
1.0	 2.0	 0.40	 0.45	 0.6	 0.8	 0.0000	 0.0723
1.0	 2.0	 0.40	 0.45	 0.6	 0.8	 0.0723	 0.0828
1.0	 2.0	 0.40	 0.45	 0.6	 0.8	 0.0828	 0.0941
1.0	 2.0	 0.40	 0.45	 0.6	 0.8	 0.0941	 0.1076
1.0	 2.0	 0.40	 0.45	 0.6	 0.8	 0.1076	 0.1248
1.0	 2.0	 0.40	 0.45	 0.6	 0.8	 0.1248	 0.1517
1.0	 2.0	 0.40	 0.45	 0.6	 0.8	 0.1517	 0.2254
1.0	 2.0	 0.40	 0.45	 0.6	 0.8	 0.2254	 0.7000
1.0	 2.0	 0.40	 0.45	 0.8	 1.0	 0.0000	 0.1093
1.0	 2.0	 0.40	 0.45	 0.8	 1.0	 0.1093	 0.7000
1.0	 2.0	 0.45	 0.50	 0.0	 0.2	 0.0000	 0.1361
1.0	 2.0	 0.45	 0.50	 0.0	 0.2	 0.1361	 0.1608
1.0	 2.0	 0.45	 0.50	 0.0	 0.2	 0.1608	 0.1856
1.0	 2.0	 0.45	 0.50	 0.0	 0.2	 0.1856	 0.2223
1.0	 2.0	 0.45	 0.50	 0.0	 0.2	 0.2223	 0.7000
1.0	 2.0	 0.45	 0.50	 0.2	 0.4	 0.0000	 0.0885
1.0	 2.0	 0.45	 0.50	 0.2	 0.4	 0.0885	 0.0997
1.0	 2.0	 0.45	 0.50	 0.2	 0.4	 0.0997	 0.1096
1.0	 2.0	 0.45	 0.50	 0.2	 0.4	 0.1096	 0.1190
1.0	 2.0	 0.45	 0.50	 0.2	 0.4	 0.1190	 0.1281
1.0	 2.0	 0.45	 0.50	 0.2	 0.4	 0.1281	 0.1376
1.0	 2.0	 0.45	 0.50	 0.2	 0.4	 0.1376	 0.1483
1.0	 2.0	 0.45	 0.50	 0.2	 0.4	 0.1483	 0.1615
1.0	 2.0	 0.45	 0.50	 0.2	 0.4	 0.1615	 0.1802
1.0	 2.0	 0.45	 0.50	 0.2	 0.4	 0.1802	 0.2135
1.0	 2.0	 0.45	 0.50	 0.2	 0.4	 0.2135	 0.3070
1.0	 2.0	 0.45	 0.50	 0.2	 0.4	 0.3070	 0.7000
1.0	 2.0	 0.45	 0.50	 0.4	 0.6	 0.0000	 0.0754
1.0	 2.0	 0.45	 0.50	 0.4	 0.6	 0.0754	 0.0840
1.0	 2.0	 0.45	 0.50	 0.4	 0.6	 0.0840	 0.0917
1.0	 2.0	 0.45	 0.50	 0.4	 0.6	 0.0917	 0.0999
1.0	 2.0	 0.45	 0.50	 0.4	 0.6	 0.0999	 0.1081
1.0	 2.0	 0.45	 0.50	 0.4	 0.6	 0.1081	 0.1171
1.0	 2.0	 0.45	 0.50	 0.4	 0.6	 0.1171	 0.1274
1.0	 2.0	 0.45	 0.50	 0.4	 0.6	 0.1274	 0.1397
1.0	 2.0	 0.45	 0.50	 0.4	 0.6	 0.1397	 0.1590
1.0	 2.0	 0.45	 0.50	 0.4	 0.6	 0.1590	 0.1980
1.0	 2.0	 0.45	 0.50	 0.4	 0.6	 0.1980	 0.7000
1.0	 2.0	 0.45	 0.50	 0.6	 0.8	 0.0000	 0.0750
1.0	 2.0	 0.45	 0.50	 0.6	 0.8	 0.0750	 0.0873
1.0	 2.0	 0.45	 0.50	 0.6	 0.8	 0.0873	 0.1010
1.0	 2.0	 0.45	 0.50	 0.6	 0.8	 0.1010	 0.1186
1.0	 2.0	 0.45	 0.50	 0.6	 0.8	 0.1186	 0.1446
1.0	 2.0	 0.45	 0.50	 0.6	 0.8	 0.1446	 0.2233
1.0	 2.0	 0.45	 0.50	 0.6	 0.8	 0.2233	 0.7000
1.0	 2.0	 0.45	 0.50	 0.8	 1.0	 0.0000	 0.0969
1.0	 2.0	 0.45	 0.50	 0.8	 1.0	 0.0969	 0.1818
1.0	 2.0	 0.45	 0.50	 0.8	 1.0	 0.1818	 0.7000
1.0	 2.0	 0.45	 0.50	 1.0	 1.6	 0.0000	 0.7000
1.0	 2.0	 0.50	 0.55	 0.0	 0.2	 0.0000	 0.1499
1.0	 2.0	 0.50	 0.55	 0.0	 0.2	 0.1499	 0.1829
1.0	 2.0	 0.50	 0.55	 0.0	 0.2	 0.1829	 0.2348
1.0	 2.0	 0.50	 0.55	 0.0	 0.2	 0.2348	 0.7000
1.0	 2.0	 0.50	 0.55	 0.2	 0.4	 0.0000	 0.0961
1.0	 2.0	 0.50	 0.55	 0.2	 0.4	 0.0961	 0.1113
1.0	 2.0	 0.50	 0.55	 0.2	 0.4	 0.1113	 0.1246
1.0	 2.0	 0.50	 0.55	 0.2	 0.4	 0.1246	 0.1377
1.0	 2.0	 0.50	 0.55	 0.2	 0.4	 0.1377	 0.1525
1.0	 2.0	 0.50	 0.55	 0.2	 0.4	 0.1525	 0.1720
1.0	 2.0	 0.50	 0.55	 0.2	 0.4	 0.1720	 0.2066
1.0	 2.0	 0.50	 0.55	 0.2	 0.4	 0.2066	 0.7000
1.0	 2.0	 0.50	 0.55	 0.4	 0.6	 0.0000	 0.0802
1.0	 2.0	 0.50	 0.55	 0.4	 0.6	 0.0802	 0.0908
1.0	 2.0	 0.50	 0.55	 0.4	 0.6	 0.0908	 0.1012
1.0	 2.0	 0.50	 0.55	 0.4	 0.6	 0.1012	 0.1120
1.0	 2.0	 0.50	 0.55	 0.4	 0.6	 0.1120	 0.1240
1.0	 2.0	 0.50	 0.55	 0.4	 0.6	 0.1240	 0.1383
1.0	 2.0	 0.50	 0.55	 0.4	 0.6	 0.1383	 0.1607
1.0	 2.0	 0.50	 0.55	 0.4	 0.6	 0.1607	 0.2165
1.0	 2.0	 0.50	 0.55	 0.4	 0.6	 0.2165	 0.7000
1.0	 2.0	 0.50	 0.55	 0.6	 0.8	 0.0000	 0.0791
1.0	 2.0	 0.50	 0.55	 0.6	 0.8	 0.0791	 0.0935
1.0	 2.0	 0.50	 0.55	 0.6	 0.8	 0.0935	 0.1108
1.0	 2.0	 0.50	 0.55	 0.6	 0.8	 0.1108	 0.1354
1.0	 2.0	 0.50	 0.55	 0.6	 0.8	 0.1354	 0.2076
1.0	 2.0	 0.50	 0.55	 0.6	 0.8	 0.2076	 0.7000
1.0	 2.0	 0.50	 0.55	 0.8	 1.0	 0.0000	 0.0934
1.0	 2.0	 0.50	 0.55	 0.8	 1.0	 0.0934	 0.1552
1.0	 2.0	 0.50	 0.55	 0.8	 1.0	 0.1552	 0.7000
1.0	 2.0	 0.50	 0.55	 1.0	 1.6	 0.0000	 0.7000
1.0	 2.0	 0.55	 0.60	 0.0	 0.2	 0.0000	 0.1644
1.0	 2.0	 0.55	 0.60	 0.0	 0.2	 0.1644	 0.2176
1.0	 2.0	 0.55	 0.60	 0.0	 0.2	 0.2176	 0.7000
1.0	 2.0	 0.55	 0.60	 0.2	 0.4	 0.0000	 0.1052
1.0	 2.0	 0.55	 0.60	 0.2	 0.4	 0.1052	 0.1250
1.0	 2.0	 0.55	 0.60	 0.2	 0.4	 0.1250	 0.1429
1.0	 2.0	 0.55	 0.60	 0.2	 0.4	 0.1429	 0.1646
1.0	 2.0	 0.55	 0.60	 0.2	 0.4	 0.1646	 0.2017
1.0	 2.0	 0.55	 0.60	 0.2	 0.4	 0.2017	 0.7000
1.0	 2.0	 0.55	 0.60	 0.4	 0.6	 0.0000	 0.0859
1.0	 2.0	 0.55	 0.60	 0.4	 0.6	 0.0859	 0.0997
1.0	 2.0	 0.55	 0.60	 0.4	 0.6	 0.0997	 0.1138
1.0	 2.0	 0.55	 0.60	 0.4	 0.6	 0.1138	 0.1297
1.0	 2.0	 0.55	 0.60	 0.4	 0.6	 0.1297	 0.1508
1.0	 2.0	 0.55	 0.60	 0.4	 0.6	 0.1508	 0.1997
1.0	 2.0	 0.55	 0.60	 0.4	 0.6	 0.1997	 0.7000
1.0	 2.0	 0.55	 0.60	 0.6	 0.8	 0.0000	 0.0826
1.0	 2.0	 0.55	 0.60	 0.6	 0.8	 0.0826	 0.1005
1.0	 2.0	 0.55	 0.60	 0.6	 0.8	 0.1005	 0.1236
1.0	 2.0	 0.55	 0.60	 0.6	 0.8	 0.1236	 0.1716
1.0	 2.0	 0.55	 0.60	 0.6	 0.8	 0.1716	 0.7000
1.0	 2.0	 0.55	 0.60	 0.8	 1.0	 0.0000	 0.0967
1.0	 2.0	 0.55	 0.60	 0.8	 1.0	 0.0967	 0.1805
1.0	 2.0	 0.55	 0.60	 0.8	 1.0	 0.1805	 0.7000
1.0	 2.0	 0.55	 0.60	 1.0	 1.6	 0.0000	 0.7000
1.0	 2.0	 0.60	 0.65	 0.0	 0.2	 0.0000	 0.1833
1.0	 2.0	 0.60	 0.65	 0.0	 0.2	 0.1833	 0.7000
1.0	 2.0	 0.60	 0.65	 0.2	 0.4	 0.0000	 0.1161
1.0	 2.0	 0.60	 0.65	 0.2	 0.4	 0.1161	 0.1415
1.0	 2.0	 0.60	 0.65	 0.2	 0.4	 0.1415	 0.1711
1.0	 2.0	 0.60	 0.65	 0.2	 0.4	 0.1711	 0.2360
1.0	 2.0	 0.60	 0.65	 0.2	 0.4	 0.2360	 0.7000
1.0	 2.0	 0.60	 0.65	 0.4	 0.6	 0.0000	 0.0927
1.0	 2.0	 0.60	 0.65	 0.4	 0.6	 0.0927	 0.1110
1.0	 2.0	 0.60	 0.65	 0.4	 0.6	 0.1110	 0.1309
1.0	 2.0	 0.60	 0.65	 0.4	 0.6	 0.1309	 0.1592
1.0	 2.0	 0.60	 0.65	 0.4	 0.6	 0.1592	 0.7000
1.0	 2.0	 0.60	 0.65	 0.6	 0.8	 0.0000	 0.0878
1.0	 2.0	 0.60	 0.65	 0.6	 0.8	 0.0878	 0.1104
1.0	 2.0	 0.60	 0.65	 0.6	 0.8	 0.1104	 0.1440
1.0	 2.0	 0.60	 0.65	 0.6	 0.8	 0.1440	 0.7000
1.0	 2.0	 0.60	 0.65	 0.8	 1.0	 0.0000	 0.1014
1.0	 2.0	 0.60	 0.65	 0.8	 1.0	 0.1014	 0.7000
1.0	 2.0	 0.60	 0.65	 1.0	 1.6	 0.0000	 0.7000
1.0	 2.0	 0.65	 0.70	 0.0	 0.2	 0.0000	 0.2104
1.0	 2.0	 0.65	 0.70	 0.0	 0.2	 0.2104	 0.7000
1.0	 2.0	 0.65	 0.70	 0.2	 0.4	 0.0000	 0.1288
1.0	 2.0	 0.65	 0.70	 0.2	 0.4	 0.1288	 0.1654
1.0	 2.0	 0.65	 0.70	 0.2	 0.4	 0.1654	 0.7000
1.0	 2.0	 0.65	 0.70	 0.4	 0.6	 0.0000	 0.1015
1.0	 2.0	 0.65	 0.70	 0.4	 0.6	 0.1015	 0.1269
1.0	 2.0	 0.65	 0.70	 0.4	 0.6	 0.1269	 0.1613
1.0	 2.0	 0.65	 0.70	 0.4	 0.6	 0.1613	 0.7000
1.0	 2.0	 0.65	 0.70	 0.6	 0.8	 0.0000	 0.0941
1.0	 2.0	 0.65	 0.70	 0.6	 0.8	 0.0941	 0.1245
1.0	 2.0	 0.65	 0.70	 0.6	 0.8	 0.1245	 0.7000
1.0	 2.0	 0.65	 0.70	 0.8	 1.0	 0.0000	 0.1073
1.0	 2.0	 0.65	 0.70	 0.8	 1.0	 0.1073	 0.7000
1.0	 2.0	 0.65	 0.70	 1.0	 1.6	 0.0000	 0.7000
2.0	 3.0	 0.30	 0.35	 0.0	 0.2	 0.0000	 0.1692
2.0	 3.0	 0.30	 0.35	 0.0	 0.2	 0.1692	 0.1839
2.0	 3.0	 0.30	 0.35	 0.0	 0.2	 0.1839	 0.1951
2.0	 3.0	 0.30	 0.35	 0.0	 0.2	 0.1951	 0.2049
2.0	 3.0	 0.30	 0.35	 0.0	 0.2	 0.2049	 0.2138
2.0	 3.0	 0.30	 0.35	 0.0	 0.2	 0.2138	 0.2224
2.0	 3.0	 0.30	 0.35	 0.0	 0.2	 0.2224	 0.2310
2.0	 3.0	 0.30	 0.35	 0.0	 0.2	 0.2310	 0.2399
2.0	 3.0	 0.30	 0.35	 0.0	 0.2	 0.2399	 0.2495
2.0	 3.0	 0.30	 0.35	 0.0	 0.2	 0.2495	 0.2600
2.0	 3.0	 0.30	 0.35	 0.0	 0.2	 0.2600	 0.2718
2.0	 3.0	 0.30	 0.35	 0.0	 0.2	 0.2718	 0.2857
2.0	 3.0	 0.30	 0.35	 0.0	 0.2	 0.2857	 0.3026
2.0	 3.0	 0.30	 0.35	 0.0	 0.2	 0.3026	 0.3251
2.0	 3.0	 0.30	 0.35	 0.0	 0.2	 0.3251	 0.7000
2.0	 3.0	 0.30	 0.35	 0.2	 0.4	 0.0000	 0.1474
2.0	 3.0	 0.30	 0.35	 0.2	 0.4	 0.1474	 0.1569
2.0	 3.0	 0.30	 0.35	 0.2	 0.4	 0.1569	 0.1646
2.0	 3.0	 0.30	 0.35	 0.2	 0.4	 0.1646	 0.1717
2.0	 3.0	 0.30	 0.35	 0.2	 0.4	 0.1717	 0.1786
2.0	 3.0	 0.30	 0.35	 0.2	 0.4	 0.1786	 0.1855
2.0	 3.0	 0.30	 0.35	 0.2	 0.4	 0.1855	 0.1924
2.0	 3.0	 0.30	 0.35	 0.2	 0.4	 0.1924	 0.1996
2.0	 3.0	 0.30	 0.35	 0.2	 0.4	 0.1996	 0.2070
2.0	 3.0	 0.30	 0.35	 0.2	 0.4	 0.2070	 0.2150
2.0	 3.0	 0.30	 0.35	 0.2	 0.4	 0.2150	 0.2235
2.0	 3.0	 0.30	 0.35	 0.2	 0.4	 0.2235	 0.2328
2.0	 3.0	 0.30	 0.35	 0.2	 0.4	 0.2328	 0.2434
2.0	 3.0	 0.30	 0.35	 0.2	 0.4	 0.2434	 0.2554
2.0	 3.0	 0.30	 0.35	 0.2	 0.4	 0.2554	 0.2696
2.0	 3.0	 0.30	 0.35	 0.2	 0.4	 0.2696	 0.2864
2.0	 3.0	 0.30	 0.35	 0.2	 0.4	 0.2864	 0.3066
2.0	 3.0	 0.30	 0.35	 0.2	 0.4	 0.3066	 0.3343
2.0	 3.0	 0.30	 0.35	 0.2	 0.4	 0.3343	 0.7000
2.0	 3.0	 0.30	 0.35	 0.4	 0.6	 0.0000	 0.1525
2.0	 3.0	 0.30	 0.35	 0.4	 0.6	 0.1525	 0.1676
2.0	 3.0	 0.30	 0.35	 0.4	 0.6	 0.1676	 0.1822
2.0	 3.0	 0.30	 0.35	 0.4	 0.6	 0.1822	 0.1972
2.0	 3.0	 0.30	 0.35	 0.4	 0.6	 0.1972	 0.2127
2.0	 3.0	 0.30	 0.35	 0.4	 0.6	 0.2127	 0.2298
2.0	 3.0	 0.30	 0.35	 0.4	 0.6	 0.2298	 0.2496
2.0	 3.0	 0.30	 0.35	 0.4	 0.6	 0.2496	 0.2755
2.0	 3.0	 0.30	 0.35	 0.4	 0.6	 0.2755	 0.3094
2.0	 3.0	 0.30	 0.35	 0.4	 0.6	 0.3094	 0.7000
2.0	 3.0	 0.30	 0.35	 0.6	 0.8	 0.0000	 0.1826
2.0	 3.0	 0.30	 0.35	 0.6	 0.8	 0.1826	 0.2276
2.0	 3.0	 0.30	 0.35	 0.6	 0.8	 0.2276	 0.3284
2.0	 3.0	 0.30	 0.35	 0.6	 0.8	 0.3284	 0.7000
2.0	 3.0	 0.35	 0.40	 0.0	 0.2	 0.0000	 0.1789
2.0	 3.0	 0.35	 0.40	 0.0	 0.2	 0.1789	 0.1959
2.0	 3.0	 0.35	 0.40	 0.0	 0.2	 0.1959	 0.2089
2.0	 3.0	 0.35	 0.40	 0.0	 0.2	 0.2089	 0.2208
2.0	 3.0	 0.35	 0.40	 0.0	 0.2	 0.2208	 0.2325
2.0	 3.0	 0.35	 0.40	 0.0	 0.2	 0.2325	 0.2446
2.0	 3.0	 0.35	 0.40	 0.0	 0.2	 0.2446	 0.2580
2.0	 3.0	 0.35	 0.40	 0.0	 0.2	 0.2580	 0.2734
2.0	 3.0	 0.35	 0.40	 0.0	 0.2	 0.2734	 0.2929
2.0	 3.0	 0.35	 0.40	 0.0	 0.2	 0.2929	 0.3202
2.0	 3.0	 0.35	 0.40	 0.0	 0.2	 0.3202	 0.7000
2.0	 3.0	 0.35	 0.40	 0.2	 0.4	 0.0000	 0.1531
2.0	 3.0	 0.35	 0.40	 0.2	 0.4	 0.1531	 0.1646
2.0	 3.0	 0.35	 0.40	 0.2	 0.4	 0.1646	 0.1742
2.0	 3.0	 0.35	 0.40	 0.2	 0.4	 0.1742	 0.1831
2.0	 3.0	 0.35	 0.40	 0.2	 0.4	 0.1831	 0.1916
2.0	 3.0	 0.35	 0.40	 0.2	 0.4	 0.1916	 0.2005
2.0	 3.0	 0.35	 0.40	 0.2	 0.4	 0.2005	 0.2098
2.0	 3.0	 0.35	 0.40	 0.2	 0.4	 0.2098	 0.2196
2.0	 3.0	 0.35	 0.40	 0.2	 0.4	 0.2196	 0.2301
2.0	 3.0	 0.35	 0.40	 0.2	 0.4	 0.2301	 0.2424
2.0	 3.0	 0.35	 0.40	 0.2	 0.4	 0.2424	 0.2574
2.0	 3.0	 0.35	 0.40	 0.2	 0.4	 0.2574	 0.2758
2.0	 3.0	 0.35	 0.40	 0.2	 0.4	 0.2758	 0.2984
2.0	 3.0	 0.35	 0.40	 0.2	 0.4	 0.2984	 0.3271
2.0	 3.0	 0.35	 0.40	 0.2	 0.4	 0.3271	 0.7000
2.0	 3.0	 0.35	 0.40	 0.4	 0.6	 0.0000	 0.1546
2.0	 3.0	 0.35	 0.40	 0.4	 0.6	 0.1546	 0.1725
2.0	 3.0	 0.35	 0.40	 0.4	 0.6	 0.1725	 0.1903
2.0	 3.0	 0.35	 0.40	 0.4	 0.6	 0.1903	 0.2086
2.0	 3.0	 0.35	 0.40	 0.4	 0.6	 0.2086	 0.2297
2.0	 3.0	 0.35	 0.40	 0.4	 0.6	 0.2297	 0.2568
2.0	 3.0	 0.35	 0.40	 0.4	 0.6	 0.2568	 0.2938
2.0	 3.0	 0.35	 0.40	 0.4	 0.6	 0.2938	 0.3862
2.0	 3.0	 0.35	 0.40	 0.4	 0.6	 0.3862	 0.7000
2.0	 3.0	 0.35	 0.40	 0.6	 0.8	 0.0000	 0.1835
2.0	 3.0	 0.35	 0.40	 0.6	 0.8	 0.1835	 0.2274
2.0	 3.0	 0.35	 0.40	 0.6	 0.8	 0.2274	 0.2974
2.0	 3.0	 0.35	 0.40	 0.6	 0.8	 0.2974	 0.7000
2.0	 3.0	 0.35	 0.40	 0.8	 1.6	 0.0000	 0.7000
2.0	 3.0	 0.40	 0.45	 0.0	 0.2	 0.0000	 0.1893
2.0	 3.0	 0.40	 0.45	 0.0	 0.2	 0.1893	 0.2089
2.0	 3.0	 0.40	 0.45	 0.0	 0.2	 0.2089	 0.2252
2.0	 3.0	 0.40	 0.45	 0.0	 0.2	 0.2252	 0.2413
2.0	 3.0	 0.40	 0.45	 0.0	 0.2	 0.2413	 0.2586
2.0	 3.0	 0.40	 0.45	 0.0	 0.2	 0.2586	 0.2801
2.0	 3.0	 0.40	 0.45	 0.0	 0.2	 0.2801	 0.3120
2.0	 3.0	 0.40	 0.45	 0.0	 0.2	 0.3120	 0.7000
2.0	 3.0	 0.40	 0.45	 0.2	 0.4	 0.0000	 0.1593
2.0	 3.0	 0.40	 0.45	 0.2	 0.4	 0.1593	 0.1736
2.0	 3.0	 0.40	 0.45	 0.2	 0.4	 0.1736	 0.1853
2.0	 3.0	 0.40	 0.45	 0.2	 0.4	 0.1853	 0.1964
2.0	 3.0	 0.40	 0.45	 0.2	 0.4	 0.1964	 0.2078
2.0	 3.0	 0.40	 0.45	 0.2	 0.4	 0.2078	 0.2199
2.0	 3.0	 0.40	 0.45	 0.2	 0.4	 0.2199	 0.2333
2.0	 3.0	 0.40	 0.45	 0.2	 0.4	 0.2333	 0.2495
2.0	 3.0	 0.40	 0.45	 0.2	 0.4	 0.2495	 0.2701
2.0	 3.0	 0.40	 0.45	 0.2	 0.4	 0.2701	 0.2965
2.0	 3.0	 0.40	 0.45	 0.2	 0.4	 0.2965	 0.3319
2.0	 3.0	 0.40	 0.45	 0.2	 0.4	 0.3319	 0.7000
2.0	 3.0	 0.40	 0.45	 0.4	 0.6	 0.0000	 0.1587
2.0	 3.0	 0.40	 0.45	 0.4	 0.6	 0.1587	 0.1789
2.0	 3.0	 0.40	 0.45	 0.4	 0.6	 0.1789	 0.1996
2.0	 3.0	 0.40	 0.45	 0.4	 0.6	 0.1996	 0.2233
2.0	 3.0	 0.40	 0.45	 0.4	 0.6	 0.2233	 0.2528
2.0	 3.0	 0.40	 0.45	 0.4	 0.6	 0.2528	 0.2990
2.0	 3.0	 0.40	 0.45	 0.4	 0.6	 0.2990	 0.7000
2.0	 3.0	 0.40	 0.45	 0.6	 0.8	 0.0000	 0.1902
2.0	 3.0	 0.40	 0.45	 0.6	 0.8	 0.1902	 0.2457
2.0	 3.0	 0.40	 0.45	 0.6	 0.8	 0.2457	 0.7000
2.0	 3.0	 0.40	 0.45	 0.8	 1.6	 0.0000	 0.7000
2.0	 3.0	 0.45	 0.50	 0.0	 0.2	 0.0000	 0.1993
2.0	 3.0	 0.45	 0.50	 0.0	 0.2	 0.1993	 0.2233
2.0	 3.0	 0.45	 0.50	 0.0	 0.2	 0.2233	 0.2451
2.0	 3.0	 0.45	 0.50	 0.0	 0.2	 0.2451	 0.2709
2.0	 3.0	 0.45	 0.50	 0.0	 0.2	 0.2709	 0.3118
2.0	 3.0	 0.45	 0.50	 0.0	 0.2	 0.3118	 0.7000
2.0	 3.0	 0.45	 0.50	 0.2	 0.4	 0.0000	 0.1670
2.0	 3.0	 0.45	 0.50	 0.2	 0.4	 0.1670	 0.1837
2.0	 3.0	 0.45	 0.50	 0.2	 0.4	 0.1837	 0.1985
2.0	 3.0	 0.45	 0.50	 0.2	 0.4	 0.1985	 0.2135
2.0	 3.0	 0.45	 0.50	 0.2	 0.4	 0.2135	 0.2299
2.0	 3.0	 0.45	 0.50	 0.2	 0.4	 0.2299	 0.2495
2.0	 3.0	 0.45	 0.50	 0.2	 0.4	 0.2495	 0.2758
2.0	 3.0	 0.45	 0.50	 0.2	 0.4	 0.2758	 0.3096
2.0	 3.0	 0.45	 0.50	 0.2	 0.4	 0.3096	 0.7000
2.0	 3.0	 0.45	 0.50	 0.4	 0.6	 0.0000	 0.1640
2.0	 3.0	 0.45	 0.50	 0.4	 0.6	 0.1640	 0.1871
2.0	 3.0	 0.45	 0.50	 0.4	 0.6	 0.1871	 0.2128
2.0	 3.0	 0.45	 0.50	 0.4	 0.6	 0.2128	 0.2452
2.0	 3.0	 0.45	 0.50	 0.4	 0.6	 0.2452	 0.2962
2.0	 3.0	 0.45	 0.50	 0.4	 0.6	 0.2962	 0.7000
2.0	 3.0	 0.45	 0.50	 0.6	 0.8	 0.0000	 0.1969
2.0	 3.0	 0.45	 0.50	 0.6	 0.8	 0.1969	 0.2724
2.0	 3.0	 0.45	 0.50	 0.6	 0.8	 0.2724	 0.7000
2.0	 3.0	 0.45	 0.50	 0.8	 1.6	 0.0000	 0.7000
2.0	 3.0	 0.50	 0.55	 0.0	 0.2	 0.0000	 0.2111
2.0	 3.0	 0.50	 0.55	 0.0	 0.2	 0.2111	 0.2414
2.0	 3.0	 0.50	 0.55	 0.0	 0.2	 0.2414	 0.2767
2.0	 3.0	 0.50	 0.55	 0.0	 0.2	 0.2767	 0.7000
2.0	 3.0	 0.50	 0.55	 0.2	 0.4	 0.0000	 0.1753
2.0	 3.0	 0.50	 0.55	 0.2	 0.4	 0.1753	 0.1965
2.0	 3.0	 0.50	 0.55	 0.2	 0.4	 0.1965	 0.2165
2.0	 3.0	 0.50	 0.55	 0.2	 0.4	 0.2165	 0.2383
2.0	 3.0	 0.50	 0.55	 0.2	 0.4	 0.2383	 0.2665
2.0	 3.0	 0.50	 0.55	 0.2	 0.4	 0.2665	 0.3055
2.0	 3.0	 0.50	 0.55	 0.2	 0.4	 0.3055	 0.7000
2.0	 3.0	 0.50	 0.55	 0.4	 0.6	 0.0000	 0.1701
2.0	 3.0	 0.50	 0.55	 0.4	 0.6	 0.1701	 0.1975
2.0	 3.0	 0.50	 0.55	 0.4	 0.6	 0.1975	 0.2306
2.0	 3.0	 0.50	 0.55	 0.4	 0.6	 0.2306	 0.2827
2.0	 3.0	 0.50	 0.55	 0.4	 0.6	 0.2827	 0.7000
2.0	 3.0	 0.50	 0.55	 0.6	 0.8	 0.0000	 0.2018
2.0	 3.0	 0.50	 0.55	 0.6	 0.8	 0.2018	 0.7000
2.0	 3.0	 0.50	 0.55	 0.8	 1.6	 0.0000	 0.7000
2.0	 3.0	 0.55	 0.60	 0.0	 0.2	 0.0000	 0.2235
2.0	 3.0	 0.55	 0.60	 0.0	 0.2	 0.2235	 0.2664
2.0	 3.0	 0.55	 0.60	 0.0	 0.2	 0.2664	 0.7000
2.0	 3.0	 0.55	 0.60	 0.2	 0.4	 0.0000	 0.1847
2.0	 3.0	 0.55	 0.60	 0.2	 0.4	 0.1847	 0.2107
2.0	 3.0	 0.55	 0.60	 0.2	 0.4	 0.2107	 0.2370
2.0	 3.0	 0.55	 0.60	 0.2	 0.4	 0.2370	 0.2726
2.0	 3.0	 0.55	 0.60	 0.2	 0.4	 0.2726	 0.3319
2.0	 3.0	 0.55	 0.60	 0.2	 0.4	 0.3319	 0.7000
2.0	 3.0	 0.55	 0.60	 0.4	 0.6	 0.0000	 0.1779
2.0	 3.0	 0.55	 0.60	 0.4	 0.6	 0.1779	 0.2120
2.0	 3.0	 0.55	 0.60	 0.4	 0.6	 0.2120	 0.2615
2.0	 3.0	 0.55	 0.60	 0.4	 0.6	 0.2615	 0.7000
2.0	 3.0	 0.55	 0.60	 0.6	 0.8	 0.0000	 0.2068
2.0	 3.0	 0.55	 0.60	 0.6	 0.8	 0.2068	 0.7000
2.0	 3.0	 0.55	 0.60	 0.8	 1.6	 0.0000	 0.7000
2.0	 3.0	 0.60	 0.65	 0.0	 0.2	 0.0000	 0.2394
2.0	 3.0	 0.60	 0.65	 0.0	 0.2	 0.2394	 0.7000
2.0	 3.0	 0.60	 0.65	 0.2	 0.4	 0.0000	 0.1956
2.0	 3.0	 0.60	 0.65	 0.2	 0.4	 0.1956	 0.2296
2.0	 3.0	 0.60	 0.65	 0.2	 0.4	 0.2296	 0.2723
2.0	 3.0	 0.60	 0.65	 0.2	 0.4	 0.2723	 0.7000
2.0	 3.0	 0.60	 0.65	 0.4	 0.6	 0.0000	 0.1873
2.0	 3.0	 0.60	 0.65	 0.4	 0.6	 0.1873	 0.2318
2.0	 3.0	 0.60	 0.65	 0.4	 0.6	 0.2318	 0.7000
2.0	 3.0	 0.60	 0.65	 0.6	 0.8	 0.0000	 0.2170
2.0	 3.0	 0.60	 0.65	 0.6	 0.8	 0.2170	 0.7000
2.0	 3.0	 0.60	 0.65	 0.8	 1.6	 0.0000	 0.7000
2.0	 3.0	 0.65	 0.70	 0.0	 0.2	 0.0000	 0.2628
2.0	 3.0	 0.65	 0.70	 0.0	 0.2	 0.2628	 0.7000
2.0	 3.0	 0.65	 0.70	 0.2	 0.4	 0.0000	 0.2091
2.0	 3.0	 0.65	 0.70	 0.2	 0.4	 0.2091	 0.2566
2.0	 3.0	 0.65	 0.70	 0.2	 0.4	 0.2566	 0.7000
2.0	 3.0	 0.65	 0.70	 0.4	 0.6	 0.0000	 0.1991
2.0	 3.0	 0.65	 0.70	 0.4	 0.6	 0.1991	 0.2854
2.0	 3.0	 0.65	 0.70	 0.4	 0.6	 0.2854	 0.7000
2.0	 3.0	 0.65	 0.70	 0.6	 0.8	 0.0000	 0.2398
2.0	 3.0	 0.65	 0.70	 0.6	 0.8	 0.2398	 0.7000
2.0	 3.0	 0.65	 0.70	 0.8	 1.6	 0.0000	 0.7000
3.0	 4.0	 0.30	 0.35	 0.0	 0.2	 0.0000	 0.2617
3.0	 4.0	 0.30	 0.35	 0.0	 0.2	 0.2617	 0.2776
3.0	 4.0	 0.30	 0.35	 0.0	 0.2	 0.2776	 0.2912
3.0	 4.0	 0.30	 0.35	 0.0	 0.2	 0.2912	 0.3050
3.0	 4.0	 0.30	 0.35	 0.0	 0.2	 0.3050	 0.3203
3.0	 4.0	 0.30	 0.35	 0.0	 0.2	 0.3203	 0.3372
3.0	 4.0	 0.30	 0.35	 0.0	 0.2	 0.3372	 0.3559
3.0	 4.0	 0.30	 0.35	 0.0	 0.2	 0.3559	 0.3781
3.0	 4.0	 0.30	 0.35	 0.0	 0.2	 0.3781	 0.4083
3.0	 4.0	 0.30	 0.35	 0.0	 0.2	 0.4083	 0.7000
3.0	 4.0	 0.30	 0.35	 0.2	 0.4	 0.0000	 0.2548
3.0	 4.0	 0.30	 0.35	 0.2	 0.4	 0.2548	 0.2706
3.0	 4.0	 0.30	 0.35	 0.2	 0.4	 0.2706	 0.2842
3.0	 4.0	 0.30	 0.35	 0.2	 0.4	 0.2842	 0.2989
3.0	 4.0	 0.30	 0.35	 0.2	 0.4	 0.2989	 0.3169
3.0	 4.0	 0.30	 0.35	 0.2	 0.4	 0.3169	 0.3377
3.0	 4.0	 0.30	 0.35	 0.2	 0.4	 0.3377	 0.3607
3.0	 4.0	 0.30	 0.35	 0.2	 0.4	 0.3607	 0.3863
3.0	 4.0	 0.30	 0.35	 0.2	 0.4	 0.3863	 0.4191
3.0	 4.0	 0.30	 0.35	 0.2	 0.4	 0.4191	 0.7000
3.0	 4.0	 0.30	 0.35	 0.4	 0.6	 0.0000	 0.2738
3.0	 4.0	 0.30	 0.35	 0.4	 0.6	 0.2738	 0.3058
3.0	 4.0	 0.30	 0.35	 0.4	 0.6	 0.3058	 0.3474
3.0	 4.0	 0.30	 0.35	 0.4	 0.6	 0.3474	 0.4005
3.0	 4.0	 0.30	 0.35	 0.4	 0.6	 0.4005	 0.7000
3.0	 4.0	 0.30	 0.35	 0.6	 0.8	 0.0000	 0.3256
3.0	 4.0	 0.30	 0.35	 0.6	 0.8	 0.3256	 0.7000
3.0	 4.0	 0.35	 0.40	 0.0	 0.2	 0.0000	 0.2694
3.0	 4.0	 0.35	 0.40	 0.0	 0.2	 0.2694	 0.2887
3.0	 4.0	 0.35	 0.40	 0.0	 0.2	 0.2887	 0.3077
3.0	 4.0	 0.35	 0.40	 0.0	 0.2	 0.3077	 0.3287
3.0	 4.0	 0.35	 0.40	 0.0	 0.2	 0.3287	 0.3530
3.0	 4.0	 0.35	 0.40	 0.0	 0.2	 0.3530	 0.3850
3.0	 4.0	 0.35	 0.40	 0.0	 0.2	 0.3850	 0.7000
3.0	 4.0	 0.35	 0.40	 0.2	 0.4	 0.0000	 0.2587
3.0	 4.0	 0.35	 0.40	 0.2	 0.4	 0.2587	 0.2768
3.0	 4.0	 0.35	 0.40	 0.2	 0.4	 0.2768	 0.2940
3.0	 4.0	 0.35	 0.40	 0.2	 0.4	 0.2940	 0.3161
3.0	 4.0	 0.35	 0.40	 0.2	 0.4	 0.3161	 0.3422
3.0	 4.0	 0.35	 0.40	 0.2	 0.4	 0.3422	 0.3705
3.0	 4.0	 0.35	 0.40	 0.2	 0.4	 0.3705	 0.4029
3.0	 4.0	 0.35	 0.40	 0.2	 0.4	 0.4029	 0.7000
3.0	 4.0	 0.35	 0.40	 0.4	 0.6	 0.0000	 0.2803
3.0	 4.0	 0.35	 0.40	 0.4	 0.6	 0.2803	 0.3216
3.0	 4.0	 0.35	 0.40	 0.4	 0.6	 0.3216	 0.3792
3.0	 4.0	 0.35	 0.40	 0.4	 0.6	 0.3792	 0.7000
3.0	 4.0	 0.35	 0.40	 0.6	 0.8	 0.0000	 0.3416
3.0	 4.0	 0.35	 0.40	 0.6	 0.8	 0.3416	 0.7000
3.0	 4.0	 0.35	 0.40	 0.8	 1.6	 0.0000	 0.7000
3.0	 4.0	 0.40	 0.45	 0.0	 0.2	 0.0000	 0.2786
3.0	 4.0	 0.40	 0.45	 0.0	 0.2	 0.2786	 0.3040
3.0	 4.0	 0.40	 0.45	 0.0	 0.2	 0.3040	 0.3322
3.0	 4.0	 0.40	 0.45	 0.0	 0.2	 0.3322	 0.3685
3.0	 4.0	 0.40	 0.45	 0.0	 0.2	 0.3685	 0.7000
3.0	 4.0	 0.40	 0.45	 0.2	 0.4	 0.0000	 0.2643
3.0	 4.0	 0.40	 0.45	 0.2	 0.4	 0.2643	 0.2858
3.0	 4.0	 0.40	 0.45	 0.2	 0.4	 0.2858	 0.3102
3.0	 4.0	 0.40	 0.45	 0.2	 0.4	 0.3102	 0.3414
3.0	 4.0	 0.40	 0.45	 0.2	 0.4	 0.3414	 0.3761
3.0	 4.0	 0.40	 0.45	 0.2	 0.4	 0.3761	 0.4202
3.0	 4.0	 0.40	 0.45	 0.2	 0.4	 0.4202	 0.7000
3.0	 4.0	 0.40	 0.45	 0.4	 0.6	 0.0000	 0.2857
3.0	 4.0	 0.40	 0.45	 0.4	 0.6	 0.2857	 0.3402
3.0	 4.0	 0.40	 0.45	 0.4	 0.6	 0.3402	 0.4262
3.0	 4.0	 0.40	 0.45	 0.4	 0.6	 0.4262	 0.7000
3.0	 4.0	 0.40	 0.45	 0.6	 0.8	 0.0000	 0.3691
3.0	 4.0	 0.40	 0.45	 0.6	 0.8	 0.3691	 0.7000
3.0	 4.0	 0.40	 0.45	 0.8	 1.6	 0.0000	 0.7000
3.0	 4.0	 0.45	 0.50	 0.0	 0.2	 0.0000	 0.2895
3.0	 4.0	 0.45	 0.50	 0.0	 0.2	 0.2895	 0.3267
3.0	 4.0	 0.45	 0.50	 0.0	 0.2	 0.3267	 0.3790
3.0	 4.0	 0.45	 0.50	 0.0	 0.2	 0.3790	 0.7000
3.0	 4.0	 0.45	 0.50	 0.2	 0.4	 0.0000	 0.2715
3.0	 4.0	 0.45	 0.50	 0.2	 0.4	 0.2715	 0.2989
3.0	 4.0	 0.45	 0.50	 0.2	 0.4	 0.2989	 0.3349
3.0	 4.0	 0.45	 0.50	 0.2	 0.4	 0.3349	 0.3768
3.0	 4.0	 0.45	 0.50	 0.2	 0.4	 0.3768	 0.4451
3.0	 4.0	 0.45	 0.50	 0.2	 0.4	 0.4451	 0.7000
3.0	 4.0	 0.45	 0.50	 0.4	 0.6	 0.0000	 0.2941
3.0	 4.0	 0.45	 0.50	 0.4	 0.6	 0.2941	 0.3652
3.0	 4.0	 0.45	 0.50	 0.4	 0.6	 0.3652	 0.7000
3.0	 4.0	 0.45	 0.50	 0.6	 1.0	 0.0000	 0.3445
3.0	 4.0	 0.45	 0.50	 0.6	 1.0	 0.3445	 0.7000
3.0	 4.0	 0.50	 0.55	 0.0	 0.2	 0.0000	 0.3039
3.0	 4.0	 0.50	 0.55	 0.0	 0.2	 0.3039	 0.3641
3.0	 4.0	 0.50	 0.55	 0.0	 0.2	 0.3641	 0.7000
3.0	 4.0	 0.50	 0.55	 0.2	 0.4	 0.0000	 0.2805
3.0	 4.0	 0.50	 0.55	 0.2	 0.4	 0.2805	 0.3195
3.0	 4.0	 0.50	 0.55	 0.2	 0.4	 0.3195	 0.3701
3.0	 4.0	 0.50	 0.55	 0.2	 0.4	 0.3701	 0.7000
3.0	 4.0	 0.50	 0.55	 0.4	 0.6	 0.0000	 0.3032
3.0	 4.0	 0.50	 0.55	 0.4	 0.6	 0.3032	 0.3999
3.0	 4.0	 0.50	 0.55	 0.4	 0.6	 0.3999	 0.7000
3.0	 4.0	 0.50	 0.55	 0.6	 1.0	 0.0000	 0.3983
3.0	 4.0	 0.50	 0.55	 0.6	 1.0	 0.3983	 0.7000
3.0	 4.0	 0.55	 0.60	 0.0	 0.2	 0.0000	 0.3238
3.0	 4.0	 0.55	 0.60	 0.0	 0.2	 0.3238	 0.7000
3.0	 4.0	 0.55	 0.60	 0.2	 0.4	 0.0000	 0.2912
3.0	 4.0	 0.55	 0.60	 0.2	 0.4	 0.2912	 0.3473
3.0	 4.0	 0.55	 0.60	 0.2	 0.4	 0.3473	 0.7000
3.0	 4.0	 0.55	 0.60	 0.4	 0.6	 0.0000	 0.3181
3.0	 4.0	 0.55	 0.60	 0.4	 0.6	 0.3181	 0.7000
3.0	 4.0	 0.55	 0.60	 0.6	 1.6	 0.0000	 0.7000
3.0	 4.0	 0.60	 0.65	 0.0	 0.2	 0.0000	 0.3579
3.0	 4.0	 0.60	 0.65	 0.0	 0.2	 0.3579	 0.7000
3.0	 4.0	 0.60	 0.65	 0.2	 0.4	 0.0000	 0.3064
3.0	 4.0	 0.60	 0.65	 0.2	 0.4	 0.3064	 0.3948
3.0	 4.0	 0.60	 0.65	 0.2	 0.4	 0.3948	 0.7000
3.0	 4.0	 0.60	 0.65	 0.4	 0.6	 0.0000	 0.3405
3.0	 4.0	 0.60	 0.65	 0.4	 0.6	 0.3405	 0.7000
3.0	 4.0	 0.60	 0.65	 0.6	 1.6	 0.0000	 0.7000
3.0	 4.0	 0.65	 0.70	 0.0	 0.4	 0.0000	 0.2988
3.0	 4.0	 0.65	 0.70	 0.0	 0.4	 0.2988	 0.3620
3.0	 4.0	 0.65	 0.70	 0.0	 0.4	 0.3620	 0.7000
3.0	 4.0	 0.65	 0.70	 0.4	 0.8	 0.0000	 0.3224
3.0	 4.0	 0.65	 0.70	 0.4	 0.8	 0.3224	 0.7000
4.0	 5.0	 0.30	 0.35	 0.0	 0.2	 0.0000	 0.3253
4.0	 5.0	 0.30	 0.35	 0.0	 0.2	 0.3253	 0.3474
4.0	 5.0	 0.30	 0.35	 0.0	 0.2	 0.3474	 0.3695
4.0	 5.0	 0.30	 0.35	 0.0	 0.2	 0.3695	 0.3989
4.0	 5.0	 0.30	 0.35	 0.0	 0.2	 0.3989	 0.4469
4.0	 5.0	 0.30	 0.35	 0.0	 0.2	 0.4469	 0.7000
4.0	 5.0	 0.30	 0.35	 0.2	 0.4	 0.0000	 0.3185
4.0	 5.0	 0.30	 0.35	 0.2	 0.4	 0.3185	 0.3389
4.0	 5.0	 0.30	 0.35	 0.2	 0.4	 0.3389	 0.3602
4.0	 5.0	 0.30	 0.35	 0.2	 0.4	 0.3602	 0.3915
4.0	 5.0	 0.30	 0.35	 0.2	 0.4	 0.3915	 0.4422
4.0	 5.0	 0.30	 0.35	 0.2	 0.4	 0.4422	 0.7000
4.0	 5.0	 0.30	 0.35	 0.4	 0.6	 0.0000	 0.3455
4.0	 5.0	 0.30	 0.35	 0.4	 0.6	 0.3455	 0.4139
4.0	 5.0	 0.30	 0.35	 0.4	 0.6	 0.4139	 0.7000
4.0	 5.0	 0.30	 0.35	 0.6	 1.0	 0.0000	 0.4463
4.0	 5.0	 0.30	 0.35	 0.6	 1.0	 0.4463	 0.7000
4.0	 5.0	 0.35	 0.40	 0.0	 0.2	 0.0000	 0.3356
4.0	 5.0	 0.35	 0.40	 0.0	 0.2	 0.3356	 0.3660
4.0	 5.0	 0.35	 0.40	 0.0	 0.2	 0.3660	 0.4072
4.0	 5.0	 0.35	 0.40	 0.0	 0.2	 0.4072	 0.7000
4.0	 5.0	 0.35	 0.40	 0.2	 0.4	 0.0000	 0.3231
4.0	 5.0	 0.35	 0.40	 0.2	 0.4	 0.3231	 0.3478
4.0	 5.0	 0.35	 0.40	 0.2	 0.4	 0.3478	 0.3778
4.0	 5.0	 0.35	 0.40	 0.2	 0.4	 0.3778	 0.4339
4.0	 5.0	 0.35	 0.40	 0.2	 0.4	 0.4339	 0.7000
4.0	 5.0	 0.35	 0.40	 0.4	 0.6	 0.0000	 0.3555
4.0	 5.0	 0.35	 0.40	 0.4	 0.6	 0.3555	 0.4702
4.0	 5.0	 0.35	 0.40	 0.4	 0.6	 0.4702	 0.7000
4.0	 5.0	 0.35	 0.40	 0.6	 1.6	 0.0000	 0.7000
4.0	 5.0	 0.40	 0.45	 0.0	 0.2	 0.0000	 0.3494
4.0	 5.0	 0.40	 0.45	 0.0	 0.2	 0.3494	 0.3995
4.0	 5.0	 0.40	 0.45	 0.0	 0.2	 0.3995	 0.7000
4.0	 5.0	 0.40	 0.45	 0.2	 0.4	 0.0000	 0.3302
4.0	 5.0	 0.40	 0.45	 0.2	 0.4	 0.3302	 0.3621
4.0	 5.0	 0.40	 0.45	 0.2	 0.4	 0.3621	 0.4192
4.0	 5.0	 0.40	 0.45	 0.2	 0.4	 0.4192	 0.7000
4.0	 5.0	 0.40	 0.45	 0.4	 0.6	 0.0000	 0.3673
4.0	 5.0	 0.40	 0.45	 0.4	 0.6	 0.3673	 0.7000
4.0	 5.0	 0.40	 0.45	 0.6	 1.6	 0.0000	 0.7000
4.0	 5.0	 0.45	 0.50	 0.0	 0.2	 0.0000	 0.3680
4.0	 5.0	 0.45	 0.50	 0.0	 0.2	 0.3680	 0.7000
4.0	 5.0	 0.45	 0.50	 0.2	 0.4	 0.0000	 0.3405
4.0	 5.0	 0.45	 0.50	 0.2	 0.4	 0.3405	 0.3901
4.0	 5.0	 0.45	 0.50	 0.2	 0.4	 0.3901	 0.7000
4.0	 5.0	 0.45	 0.50	 0.4	 0.6	 0.0000	 0.3837
4.0	 5.0	 0.45	 0.50	 0.4	 0.6	 0.3837	 0.7000
4.0	 5.0	 0.45	 0.50	 0.6	 1.6	 0.0000	 0.7000
4.0	 5.0	 0.50	 0.55	 0.0	 0.2	 0.0000	 0.4003
4.0	 5.0	 0.50	 0.55	 0.0	 0.2	 0.4003	 0.7000
4.0	 5.0	 0.50	 0.55	 0.2	 0.4	 0.0000	 0.3529
4.0	 5.0	 0.50	 0.55	 0.2	 0.4	 0.3529	 0.4454
4.0	 5.0	 0.50	 0.55	 0.2	 0.4	 0.4454	 0.7000
4.0	 5.0	 0.50	 0.55	 0.4	 0.6	 0.0000	 0.4112
4.0	 5.0	 0.50	 0.55	 0.4	 0.6	 0.4112	 0.7000
4.0	 5.0	 0.50	 0.55	 0.6	 1.6	 0.0000	 0.7000
4.0	 5.0	 0.55	 0.60	 0.0	 0.4	 0.0000	 0.3471
4.0	 5.0	 0.55	 0.60	 0.0	 0.4	 0.3471	 0.4020
4.0	 5.0	 0.55	 0.60	 0.0	 0.4	 0.4020	 0.7000
4.0	 5.0	 0.55	 0.60	 0.4	 0.8	 0.0000	 0.3770
4.0	 5.0	 0.55	 0.60	 0.4	 0.8	 0.3770	 0.7000
4.0	 5.0	 0.60	 0.65	 0.0	 0.4	 0.0000	 0.3637
4.0	 5.0	 0.60	 0.65	 0.0	 0.4	 0.3637	 0.7000
4.0	 5.0	 0.60	 0.65	 0.4	 0.8	 0.0000	 0.4056
4.0	 5.0	 0.60	 0.65	 0.4	 0.8	 0.4056	 0.7000
4.0	 5.0	 0.65	 0.70	 0.0	 0.4	 0.0000	 0.3901
4.0	 5.0	 0.65	 0.70	 0.0	 0.4	 0.3901	 0.7000
4.0	 5.0	 0.65	 0.70	 0.4	 1.6	 0.0000	 0.7000
5.0	 6.0	 0.30	 0.35	 0.0	 0.2	 0.0000	 0.4053
5.0	 6.0	 0.30	 0.35	 0.0	 0.2	 0.4053	 0.4302
5.0	 6.0	 0.30	 0.35	 0.0	 0.2	 0.4302	 0.4568
5.0	 6.0	 0.30	 0.35	 0.0	 0.2	 0.4568	 0.4970
5.0	 6.0	 0.30	 0.35	 0.0	 0.2	 0.4970	 0.7000
5.0	 6.0	 0.30	 0.35	 0.2	 0.4	 0.0000	 0.4040
5.0	 6.0	 0.30	 0.35	 0.2	 0.4	 0.4040	 0.4328
5.0	 6.0	 0.30	 0.35	 0.2	 0.4	 0.4328	 0.4679
5.0	 6.0	 0.30	 0.35	 0.2	 0.4	 0.4679	 0.5304
5.0	 6.0	 0.30	 0.35	 0.2	 0.4	 0.5304	 0.7000
5.0	 6.0	 0.30	 0.35	 0.4	 0.6	 0.0000	 0.4403
5.0	 6.0	 0.30	 0.35	 0.4	 0.6	 0.4403	 0.7000
5.0	 6.0	 0.30	 0.35	 0.6	 1.6	 0.0000	 0.7000
5.0	 6.0	 0.35	 0.40	 0.0	 0.2	 0.0000	 0.4162
5.0	 6.0	 0.35	 0.40	 0.0	 0.2	 0.4162	 0.4501
5.0	 6.0	 0.35	 0.40	 0.0	 0.2	 0.4501	 0.5078
5.0	 6.0	 0.35	 0.40	 0.0	 0.2	 0.5078	 0.7000
5.0	 6.0	 0.35	 0.40	 0.2	 0.4	 0.0000	 0.4107
5.0	 6.0	 0.35	 0.40	 0.2	 0.4	 0.4107	 0.4465
5.0	 6.0	 0.35	 0.40	 0.2	 0.4	 0.4465	 0.5016
5.0	 6.0	 0.35	 0.40	 0.2	 0.4	 0.5016	 0.7000
5.0	 6.0	 0.35	 0.40	 0.4	 0.6	 0.0000	 0.4552
5.0	 6.0	 0.35	 0.40	 0.4	 0.6	 0.4552	 0.7000
5.0	 6.0	 0.35	 0.40	 0.6	 1.6	 0.0000	 0.7000
5.0	 6.0	 0.40	 0.45	 0.0	 0.2	 0.0000	 0.4298
5.0	 6.0	 0.40	 0.45	 0.0	 0.2	 0.4298	 0.4916
5.0	 6.0	 0.40	 0.45	 0.0	 0.2	 0.4916	 0.7000
5.0	 6.0	 0.40	 0.45	 0.2	 0.4	 0.0000	 0.4185
5.0	 6.0	 0.40	 0.45	 0.2	 0.4	 0.4185	 0.4677
5.0	 6.0	 0.40	 0.45	 0.2	 0.4	 0.4677	 0.7000
5.0	 6.0	 0.40	 0.45	 0.4	 0.6	 0.0000	 0.4749
5.0	 6.0	 0.40	 0.45	 0.4	 0.6	 0.4749	 0.7000
5.0	 6.0	 0.40	 0.45	 0.6	 1.6	 0.0000	 0.7000
5.0	 6.0	 0.45	 0.50	 0.0	 0.2	 0.0000	 0.4501
5.0	 6.0	 0.45	 0.50	 0.0	 0.2	 0.4501	 0.7000
5.0	 6.0	 0.45	 0.50	 0.2	 0.4	 0.0000	 0.4304
5.0	 6.0	 0.45	 0.50	 0.2	 0.4	 0.4304	 0.5127
5.0	 6.0	 0.45	 0.50	 0.2	 0.4	 0.5127	 0.7000
5.0	 6.0	 0.45	 0.50	 0.4	 0.6	 0.0000	 0.5092
5.0	 6.0	 0.45	 0.50	 0.4	 0.6	 0.5092	 0.7000
5.0	 6.0	 0.45	 0.50	 0.6	 1.6	 0.0000	 0.7000
5.0	 6.0	 0.50	 0.55	 0.0	 0.2	 0.0000	 0.4922
5.0	 6.0	 0.50	 0.55	 0.0	 0.2	 0.4922	 0.7000
5.0	 6.0	 0.50	 0.55	 0.2	 0.4	 0.0000	 0.4461
5.0	 6.0	 0.50	 0.55	 0.2	 0.4	 0.4461	 0.7000
5.0	 6.0	 0.50	 0.55	 0.4	 0.8	 0.0000	 0.4735
5.0	 6.0	 0.50	 0.55	 0.4	 0.8	 0.4735	 0.7000
5.0	 6.0	 0.55	 0.60	 0.0	 0.4	 0.0000	 0.4322
5.0	 6.0	 0.55	 0.60	 0.0	 0.4	 0.4322	 0.5143
5.0	 6.0	 0.55	 0.60	 0.0	 0.4	 0.5143	 0.7000
5.0	 6.0	 0.55	 0.60	 0.4	 1.6	 0.0000	 0.5410
5.0	 6.0	 0.55	 0.60	 0.4	 1.6	 0.5410	 0.7000
5.0	 6.0	 0.60	 0.65	 0.0	 0.4	 0.0000	 0.4520
5.0	 6.0	 0.60	 0.65	 0.0	 0.4	 0.4520	 0.7000
5.0	 6.0	 0.60	 0.65	 0.4	 1.6	 0.0000	 0.7000
5.0	 6.0	 0.65	 0.70	 0.0	 0.6	 0.0000	 0.4484
5.0	 6.0	 0.65	 0.70	 0.0	 0.6	 0.4484	 0.7000
6.0	 8.0	 0.30	 0.35	 0.0	 0.2	 0.0000	 0.5088
6.0	 8.0	 0.30	 0.35	 0.0	 0.2	 0.5088	 0.5766
6.0	 8.0	 0.30	 0.35	 0.0	 0.2	 0.5766	 0.7000
6.0	 8.0	 0.30	 0.35	 0.2	 0.4	 0.0000	 0.5187
6.0	 8.0	 0.30	 0.35	 0.2	 0.4	 0.5187	 0.6165
6.0	 8.0	 0.30	 0.35	 0.2	 0.4	 0.6165	 0.7000
6.0	 8.0	 0.30	 0.35	 0.4	 0.8	 0.0000	 0.5738
6.0	 8.0	 0.30	 0.35	 0.4	 0.8	 0.5738	 0.7000
6.0	 8.0	 0.35	 0.40	 0.0	 0.2	 0.0000	 0.5319
6.0	 8.0	 0.35	 0.40	 0.0	 0.2	 0.5319	 0.7000
6.0	 8.0	 0.35	 0.40	 0.2	 0.4	 0.0000	 0.5349
6.0	 8.0	 0.35	 0.40	 0.2	 0.4	 0.5349	 0.7000
6.0	 8.0	 0.35	 0.40	 0.4	 1.0	 0.0000	 0.6336
6.0	 8.0	 0.35	 0.40	 0.4	 1.0	 0.6336	 0.7000
6.0	 8.0	 0.40	 0.45	 0.0	 0.2	 0.0000	 0.5756
6.0	 8.0	 0.40	 0.45	 0.0	 0.2	 0.5756	 0.7000
6.0	 8.0	 0.40	 0.45	 0.2	 0.4	 0.0000	 0.5585
6.0	 8.0	 0.40	 0.45	 0.2	 0.4	 0.5585	 0.7000
6.0	 8.0	 0.40	 0.45	 0.4	 1.6	 0.0000	 0.7000
6.0	 8.0	 0.45	 0.50	 0.0	 0.4	 0.0000	 0.5235
6.0	 8.0	 0.45	 0.50	 0.0	 0.4	 0.5235	 0.7000
6.0	 8.0	 0.45	 0.50	 0.4	 1.6	 0.0000	 0.7000
6.0	 8.0	 0.50	 0.55	 0.0	 0.4	 0.0000	 0.5495
6.0	 8.0	 0.50	 0.55	 0.0	 0.4	 0.5495	 0.7000
6.0	 8.0	 0.50	 0.55	 0.4	 1.6	 0.0000	 0.7000
6.0	 8.0	 0.55	 0.60	 0.0	 0.6	 0.0000	 0.5513
6.0	 8.0	 0.55	 0.60	 0.0	 0.6	 0.5513	 0.7000
6.0	 8.0	 0.60	 0.65	 0.0	 1.6	 0.0000	 0.7000
6.0	 8.0	 0.65	 0.70	 0.0	 1.6	 0.0000	 0.7000
