Q2l	 Q2u	 zl	 zu	 Ptl	 Ptu	 xl	 xu
1.0	 2.0	 0.30	 0.35	 0.0	 0.2	 0.0000	 0.1035
1.0	 2.0	 0.30	 0.35	 0.0	 0.2	 0.1035	 0.1267
1.0	 2.0	 0.30	 0.35	 0.0	 0.2	 0.1267	 0.1545
1.0	 2.0	 0.30	 0.35	 0.0	 0.2	 0.1545	 0.2171
1.0	 2.0	 0.30	 0.35	 0.0	 0.2	 0.2171	 0.7000
1.0	 2.0	 0.30	 0.35	 0.2	 0.4	 0.0000	 0.0800
1.0	 2.0	 0.30	 0.35	 0.2	 0.4	 0.0800	 0.0944
1.0	 2.0	 0.30	 0.35	 0.2	 0.4	 0.0944	 0.1096
1.0	 2.0	 0.30	 0.35	 0.2	 0.4	 0.1096	 0.1270
1.0	 2.0	 0.30	 0.35	 0.2	 0.4	 0.1270	 0.1501
1.0	 2.0	 0.30	 0.35	 0.2	 0.4	 0.1501	 0.2182
1.0	 2.0	 0.30	 0.35	 0.2	 0.4	 0.2182	 0.7000
1.0	 2.0	 0.30	 0.35	 0.4	 0.6	 0.0000	 0.0835
1.0	 2.0	 0.30	 0.35	 0.4	 0.6	 0.0835	 0.1039
1.0	 2.0	 0.30	 0.35	 0.4	 0.6	 0.1039	 0.1289
1.0	 2.0	 0.30	 0.35	 0.4	 0.6	 0.1289	 0.1872
1.0	 2.0	 0.30	 0.35	 0.4	 0.6	 0.1872	 0.7000
1.0	 2.0	 0.30	 0.35	 0.6	 0.8	 0.0000	 0.1249
1.0	 2.0	 0.30	 0.35	 0.6	 0.8	 0.1249	 0.7000
1.0	 2.0	 0.35	 0.40	 0.0	 0.2	 0.0000	 0.1163
1.0	 2.0	 0.35	 0.40	 0.0	 0.2	 0.1163	 0.1490
1.0	 2.0	 0.35	 0.40	 0.0	 0.2	 0.1490	 0.2269
1.0	 2.0	 0.35	 0.40	 0.0	 0.2	 0.2269	 0.7000
1.0	 2.0	 0.35	 0.40	 0.2	 0.4	 0.0000	 0.0875
1.0	 2.0	 0.35	 0.40	 0.2	 0.4	 0.0875	 0.1066
1.0	 2.0	 0.35	 0.40	 0.2	 0.4	 0.1066	 0.1266
1.0	 2.0	 0.35	 0.40	 0.2	 0.4	 0.1266	 0.1551
1.0	 2.0	 0.35	 0.40	 0.2	 0.4	 0.1551	 0.2446
1.0	 2.0	 0.35	 0.40	 0.2	 0.4	 0.2446	 0.7000
1.0	 2.0	 0.35	 0.40	 0.4	 0.6	 0.0000	 0.0888
1.0	 2.0	 0.35	 0.40	 0.4	 0.6	 0.0888	 0.1161
1.0	 2.0	 0.35	 0.40	 0.4	 0.6	 0.1161	 0.1648
1.0	 2.0	 0.35	 0.40	 0.4	 0.6	 0.1648	 0.7000
1.0	 2.0	 0.35	 0.40	 0.6	 0.8	 0.0000	 0.1186
1.0	 2.0	 0.35	 0.40	 0.6	 0.8	 0.1186	 0.7000
1.0	 2.0	 0.35	 0.40	 0.8	 1.6	 0.0000	 0.7000
1.0	 2.0	 0.40	 0.45	 0.0	 0.2	 0.0000	 0.1332
1.0	 2.0	 0.40	 0.45	 0.0	 0.2	 0.1332	 0.2033
1.0	 2.0	 0.40	 0.45	 0.0	 0.2	 0.2033	 0.7000
1.0	 2.0	 0.40	 0.45	 0.2	 0.4	 0.0000	 0.0962
1.0	 2.0	 0.40	 0.45	 0.2	 0.4	 0.0962	 0.1214
1.0	 2.0	 0.40	 0.45	 0.2	 0.4	 0.1214	 0.1531
1.0	 2.0	 0.40	 0.45	 0.2	 0.4	 0.1531	 0.2712
1.0	 2.0	 0.40	 0.45	 0.2	 0.4	 0.2712	 0.7000
1.0	 2.0	 0.40	 0.45	 0.4	 0.6	 0.0000	 0.0948
1.0	 2.0	 0.40	 0.45	 0.4	 0.6	 0.0948	 0.1299
1.0	 2.0	 0.40	 0.45	 0.4	 0.6	 0.1299	 0.7000
1.0	 2.0	 0.40	 0.45	 0.6	 0.8	 0.0000	 0.1191
1.0	 2.0	 0.40	 0.45	 0.6	 0.8	 0.1191	 0.7000
1.0	 2.0	 0.40	 0.45	 0.8	 1.6	 0.0000	 0.7000
1.0	 2.0	 0.45	 0.50	 0.0	 0.2	 0.0000	 0.1560
1.0	 2.0	 0.45	 0.50	 0.0	 0.2	 0.1560	 0.7000
1.0	 2.0	 0.45	 0.50	 0.2	 0.4	 0.0000	 0.1074
1.0	 2.0	 0.45	 0.50	 0.2	 0.4	 0.1074	 0.1413
1.0	 2.0	 0.45	 0.50	 0.2	 0.4	 0.1413	 0.2236
1.0	 2.0	 0.45	 0.50	 0.2	 0.4	 0.2236	 0.7000
1.0	 2.0	 0.45	 0.50	 0.4	 0.6	 0.0000	 0.1045
1.0	 2.0	 0.45	 0.50	 0.4	 0.6	 0.1045	 0.1598
1.0	 2.0	 0.45	 0.50	 0.4	 0.6	 0.1598	 0.7000
1.0	 2.0	 0.45	 0.50	 0.6	 0.8	 0.0000	 0.1375
1.0	 2.0	 0.45	 0.50	 0.6	 0.8	 0.1375	 0.7000
1.0	 2.0	 0.45	 0.50	 0.8	 1.6	 0.0000	 0.7000
1.0	 2.0	 0.50	 0.55	 0.0	 0.2	 0.0000	 0.1992
1.0	 2.0	 0.50	 0.55	 0.0	 0.2	 0.1992	 0.7000
1.0	 2.0	 0.50	 0.55	 0.2	 0.4	 0.0000	 0.1235
1.0	 2.0	 0.50	 0.55	 0.2	 0.4	 0.1235	 0.1872
1.0	 2.0	 0.50	 0.55	 0.2	 0.4	 0.1872	 0.7000
1.0	 2.0	 0.50	 0.55	 0.4	 0.6	 0.0000	 0.1135
1.0	 2.0	 0.50	 0.55	 0.4	 0.6	 0.1135	 0.7000
1.0	 2.0	 0.50	 0.55	 0.6	 0.8	 0.0000	 0.1712
1.0	 2.0	 0.50	 0.55	 0.6	 0.8	 0.1712	 0.7000
1.0	 2.0	 0.50	 0.55	 0.8	 1.6	 0.0000	 0.7000
1.0	 2.0	 0.55	 0.60	 0.0	 0.4	 0.0000	 0.1246
1.0	 2.0	 0.55	 0.60	 0.0	 0.4	 0.1246	 0.1694
1.0	 2.0	 0.55	 0.60	 0.0	 0.4	 0.1694	 0.7000
1.0	 2.0	 0.55	 0.60	 0.4	 0.6	 0.0000	 0.1296
1.0	 2.0	 0.55	 0.60	 0.4	 0.6	 0.1296	 0.7000
1.0	 2.0	 0.55	 0.60	 0.6	 1.0	 0.0000	 0.1252
1.0	 2.0	 0.55	 0.60	 0.6	 1.0	 0.1252	 0.7000
1.0	 2.0	 0.60	 0.65	 0.0	 0.4	 0.0000	 0.1418
1.0	 2.0	 0.60	 0.65	 0.0	 0.4	 0.1418	 0.7000
1.0	 2.0	 0.60	 0.65	 0.4	 0.6	 0.0000	 0.1507
1.0	 2.0	 0.60	 0.65	 0.4	 0.6	 0.1507	 0.7000
1.0	 2.0	 0.60	 0.65	 0.6	 1.0	 0.0000	 0.1399
1.0	 2.0	 0.60	 0.65	 0.6	 1.0	 0.1399	 0.7000
1.0	 2.0	 0.65	 0.70	 0.0	 0.4	 0.0000	 0.1644
1.0	 2.0	 0.65	 0.70	 0.0	 0.4	 0.1644	 0.7000
1.0	 2.0	 0.65	 0.70	 0.4	 0.8	 0.0000	 0.1247
1.0	 2.0	 0.65	 0.70	 0.4	 0.8	 0.1247	 0.7000
1.0	 2.0	 0.65	 0.70	 0.8	 1.6	 0.0000	 0.7000
2.0	 3.0	 0.30	 0.35	 0.0	 0.2	 0.0000	 0.1993
2.0	 3.0	 0.30	 0.35	 0.0	 0.2	 0.1993	 0.2431
2.0	 3.0	 0.30	 0.35	 0.0	 0.2	 0.2431	 0.7000
2.0	 3.0	 0.30	 0.35	 0.2	 0.4	 0.0000	 0.1753
2.0	 3.0	 0.30	 0.35	 0.2	 0.4	 0.1753	 0.2078
2.0	 3.0	 0.30	 0.35	 0.2	 0.4	 0.2078	 0.2472
2.0	 3.0	 0.30	 0.35	 0.2	 0.4	 0.2472	 0.3221
2.0	 3.0	 0.30	 0.35	 0.2	 0.4	 0.3221	 0.7000
2.0	 3.0	 0.30	 0.35	 0.4	 0.6	 0.0000	 0.1723
2.0	 3.0	 0.30	 0.35	 0.4	 0.6	 0.1723	 0.2206
2.0	 3.0	 0.30	 0.35	 0.4	 0.6	 0.2206	 0.3645
2.0	 3.0	 0.30	 0.35	 0.4	 0.6	 0.3645	 0.7000
2.0	 3.0	 0.30	 0.35	 0.6	 1.6	 0.0000	 0.7000
2.0	 3.0	 0.35	 0.40	 0.0	 0.2	 0.0000	 0.2161
2.0	 3.0	 0.35	 0.40	 0.0	 0.2	 0.2161	 0.3003
2.0	 3.0	 0.35	 0.40	 0.0	 0.2	 0.3003	 0.7000
2.0	 3.0	 0.35	 0.40	 0.2	 0.4	 0.0000	 0.1877
2.0	 3.0	 0.35	 0.40	 0.2	 0.4	 0.1877	 0.2280
2.0	 3.0	 0.35	 0.40	 0.2	 0.4	 0.2280	 0.2957
2.0	 3.0	 0.35	 0.40	 0.2	 0.4	 0.2957	 0.7000
2.0	 3.0	 0.35	 0.40	 0.4	 0.6	 0.0000	 0.1885
2.0	 3.0	 0.35	 0.40	 0.4	 0.6	 0.1885	 0.2720
2.0	 3.0	 0.35	 0.40	 0.4	 0.6	 0.2720	 0.7000
2.0	 3.0	 0.35	 0.40	 0.6	 1.0	 0.0000	 0.2851
2.0	 3.0	 0.35	 0.40	 0.6	 1.0	 0.2851	 0.7000
2.0	 3.0	 0.40	 0.45	 0.0	 0.2	 0.0000	 0.2377
2.0	 3.0	 0.40	 0.45	 0.0	 0.2	 0.2377	 0.7000
2.0	 3.0	 0.40	 0.45	 0.2	 0.4	 0.0000	 0.2008
2.0	 3.0	 0.40	 0.45	 0.2	 0.4	 0.2008	 0.2611
2.0	 3.0	 0.40	 0.45	 0.2	 0.4	 0.2611	 0.7000
2.0	 3.0	 0.40	 0.45	 0.4	 0.6	 0.0000	 0.2098
2.0	 3.0	 0.40	 0.45	 0.4	 0.6	 0.2098	 0.7000
2.0	 3.0	 0.40	 0.45	 0.6	 1.0	 0.0000	 0.2669
2.0	 3.0	 0.40	 0.45	 0.6	 1.0	 0.2669	 0.7000
2.0	 3.0	 0.45	 0.50	 0.0	 0.2	 0.0000	 0.2784
2.0	 3.0	 0.45	 0.50	 0.0	 0.2	 0.2784	 0.7000
2.0	 3.0	 0.45	 0.50	 0.2	 0.4	 0.0000	 0.2178
2.0	 3.0	 0.45	 0.50	 0.2	 0.4	 0.2178	 0.3268
2.0	 3.0	 0.45	 0.50	 0.2	 0.4	 0.3268	 0.7000
2.0	 3.0	 0.45	 0.50	 0.4	 0.6	 0.0000	 0.2339
2.0	 3.0	 0.45	 0.50	 0.4	 0.6	 0.2339	 0.7000
2.0	 3.0	 0.45	 0.50	 0.6	 1.0	 0.0000	 0.3326
2.0	 3.0	 0.45	 0.50	 0.6	 1.0	 0.3326	 0.7000
2.0	 3.0	 0.50	 0.55	 0.0	 0.4	 0.0000	 0.2127
2.0	 3.0	 0.50	 0.55	 0.0	 0.4	 0.2127	 0.2767
2.0	 3.0	 0.50	 0.55	 0.0	 0.4	 0.2767	 0.7000
2.0	 3.0	 0.50	 0.55	 0.4	 0.6	 0.0000	 0.2736
2.0	 3.0	 0.50	 0.55	 0.4	 0.6	 0.2736	 0.7000
2.0	 3.0	 0.50	 0.55	 0.6	 1.6	 0.0000	 0.7000
2.0	 3.0	 0.55	 0.60	 0.0	 0.4	 0.0000	 0.2296
2.0	 3.0	 0.55	 0.60	 0.0	 0.4	 0.2296	 0.7000
2.0	 3.0	 0.55	 0.60	 0.4	 0.8	 0.0000	 0.2272
2.0	 3.0	 0.55	 0.60	 0.4	 0.8	 0.2272	 0.7000
2.0	 3.0	 0.55	 0.60	 0.8	 1.6	 0.0000	 0.7000
2.0	 3.0	 0.60	 0.65	 0.0	 0.4	 0.0000	 0.2559
2.0	 3.0	 0.60	 0.65	 0.0	 0.4	 0.2559	 0.7000
2.0	 3.0	 0.60	 0.65	 0.4	 0.8	 0.0000	 0.2600
2.0	 3.0	 0.60	 0.65	 0.4	 0.8	 0.2600	 0.7000
2.0	 3.0	 0.60	 0.65	 0.8	 1.6	 0.0000	 0.7000
2.0	 3.0	 0.65	 0.70	 0.0	 0.6	 0.0000	 0.2345
2.0	 3.0	 0.65	 0.70	 0.0	 0.6	 0.2345	 0.7000
2.0	 3.0	 0.65	 0.70	 0.6	 1.6	 0.0000	 0.7000
3.0	 4.0	 0.30	 0.35	 0.0	 0.2	 0.0000	 0.2953
3.0	 4.0	 0.30	 0.35	 0.0	 0.2	 0.2953	 0.4411
3.0	 4.0	 0.30	 0.35	 0.0	 0.2	 0.4411	 0.7000
3.0	 4.0	 0.30	 0.35	 0.2	 0.4	 0.0000	 0.2772
3.0	 4.0	 0.30	 0.35	 0.2	 0.4	 0.2772	 0.3349
3.0	 4.0	 0.30	 0.35	 0.2	 0.4	 0.3349	 0.7000
3.0	 4.0	 0.30	 0.35	 0.4	 0.6	 0.0000	 0.3010
3.0	 4.0	 0.30	 0.35	 0.4	 0.6	 0.3010	 0.7000
3.0	 4.0	 0.30	 0.35	 0.6	 1.6	 0.0000	 0.7000
3.0	 4.0	 0.35	 0.40	 0.0	 0.2	 0.0000	 0.3220
3.0	 4.0	 0.35	 0.40	 0.0	 0.2	 0.3220	 0.7000
3.0	 4.0	 0.35	 0.40	 0.2	 0.4	 0.0000	 0.2888
3.0	 4.0	 0.35	 0.40	 0.2	 0.4	 0.2888	 0.3765
3.0	 4.0	 0.35	 0.40	 0.2	 0.4	 0.3765	 0.7000
3.0	 4.0	 0.35	 0.40	 0.4	 0.6	 0.0000	 0.3337
3.0	 4.0	 0.35	 0.40	 0.4	 0.6	 0.3337	 0.7000
3.0	 4.0	 0.35	 0.40	 0.6	 1.6	 0.0000	 0.7000
3.0	 4.0	 0.40	 0.45	 0.0	 0.2	 0.0000	 0.3774
3.0	 4.0	 0.40	 0.45	 0.0	 0.2	 0.3774	 0.7000
3.0	 4.0	 0.40	 0.45	 0.2	 0.4	 0.0000	 0.3057
3.0	 4.0	 0.40	 0.45	 0.2	 0.4	 0.3057	 0.7000
3.0	 4.0	 0.40	 0.45	 0.4	 0.6	 0.0000	 0.3898
3.0	 4.0	 0.40	 0.45	 0.4	 0.6	 0.3898	 0.7000
3.0	 4.0	 0.40	 0.45	 0.6	 1.6	 0.0000	 0.7000
3.0	 4.0	 0.45	 0.50	 0.0	 0.4	 0.0000	 0.2925
3.0	 4.0	 0.45	 0.50	 0.0	 0.4	 0.2925	 0.3830
3.0	 4.0	 0.45	 0.50	 0.0	 0.4	 0.3830	 0.7000
3.0	 4.0	 0.45	 0.50	 0.4	 0.8	 0.0000	 0.3412
3.0	 4.0	 0.45	 0.50	 0.4	 0.8	 0.3412	 0.7000
3.0	 4.0	 0.50	 0.55	 0.0	 0.4	 0.0000	 0.3149
3.0	 4.0	 0.50	 0.55	 0.0	 0.4	 0.3149	 0.7000
3.0	 4.0	 0.50	 0.55	 0.4	 0.8	 0.0000	 0.3837
3.0	 4.0	 0.50	 0.55	 0.4	 0.8	 0.3837	 0.7000
3.0	 4.0	 0.55	 0.60	 0.0	 0.4	 0.0000	 0.3530
3.0	 4.0	 0.55	 0.60	 0.0	 0.4	 0.3530	 0.7000
3.0	 4.0	 0.55	 0.60	 0.4	 1.6	 0.0000	 0.7000
3.0	 4.0	 0.60	 0.65	 0.0	 0.6	 0.0000	 0.3284
3.0	 4.0	 0.60	 0.65	 0.0	 0.6	 0.3284	 0.7000
3.0	 4.0	 0.60	 0.65	 0.6	 1.6	 0.0000	 0.7000
3.0	 4.0	 0.65	 0.70	 0.0	 0.8	 0.0000	 0.3538
3.0	 4.0	 0.65	 0.70	 0.0	 0.8	 0.3538	 0.7000
4.0	 5.0	 0.30	 0.35	 0.0	 0.2	 0.0000	 0.3715
4.0	 5.0	 0.30	 0.35	 0.0	 0.2	 0.3715	 0.7000
4.0	 5.0	 0.30	 0.35	 0.2	 0.4	 0.0000	 0.3643
4.0	 5.0	 0.30	 0.35	 0.2	 0.4	 0.3643	 0.4682
4.0	 5.0	 0.30	 0.35	 0.2	 0.4	 0.4682	 0.7000
4.0	 5.0	 0.30	 0.35	 0.4	 0.8	 0.0000	 0.4193
4.0	 5.0	 0.30	 0.35	 0.4	 0.8	 0.4193	 0.7000
4.0	 5.0	 0.35	 0.40	 0.0	 0.2	 0.0000	 0.4065
4.0	 5.0	 0.35	 0.40	 0.0	 0.2	 0.4065	 0.7000
4.0	 5.0	 0.35	 0.40	 0.2	 0.4	 0.0000	 0.3777
4.0	 5.0	 0.35	 0.40	 0.2	 0.4	 0.3777	 0.7000
4.0	 5.0	 0.35	 0.40	 0.4	 0.8	 0.0000	 0.4563
4.0	 5.0	 0.35	 0.40	 0.4	 0.8	 0.4563	 0.7000
4.0	 5.0	 0.40	 0.45	 0.0	 0.4	 0.0000	 0.3548
4.0	 5.0	 0.40	 0.45	 0.0	 0.4	 0.3548	 0.4293
4.0	 5.0	 0.40	 0.45	 0.0	 0.4	 0.4293	 0.7000
4.0	 5.0	 0.40	 0.45	 0.4	 1.0	 0.0000	 0.4717
4.0	 5.0	 0.40	 0.45	 0.4	 1.0	 0.4717	 0.7000
4.0	 5.0	 0.45	 0.50	 0.0	 0.4	 0.0000	 0.3722
4.0	 5.0	 0.45	 0.50	 0.0	 0.4	 0.3722	 0.7000
4.0	 5.0	 0.45	 0.50	 0.4	 1.6	 0.0000	 0.7000
4.0	 5.0	 0.50	 0.55	 0.0	 0.4	 0.0000	 0.4026
4.0	 5.0	 0.50	 0.55	 0.0	 0.4	 0.4026	 0.7000
4.0	 5.0	 0.50	 0.55	 0.4	 1.6	 0.0000	 0.7000
4.0	 5.0	 0.55	 0.60	 0.0	 0.4	 0.0000	 0.4937
4.0	 5.0	 0.55	 0.60	 0.0	 0.4	 0.4937	 0.7000
4.0	 5.0	 0.55	 0.60	 0.4	 1.6	 0.0000	 0.7000
4.0	 5.0	 0.60	 0.65	 0.0	 0.6	 0.0000	 0.4435
4.0	 5.0	 0.60	 0.65	 0.0	 0.6	 0.4435	 0.7000
4.0	 5.0	 0.65	 0.70	 0.0	 1.6	 0.0000	 0.7000
5.0	 6.0	 0.30	 0.35	 0.0	 0.2	 0.0000	 0.5435
5.0	 6.0	 0.30	 0.35	 0.0	 0.2	 0.5435	 0.7000
5.0	 6.0	 0.30	 0.35	 0.2	 0.4	 0.0000	 0.4770
5.0	 6.0	 0.30	 0.35	 0.2	 0.4	 0.4770	 0.7000
5.0	 6.0	 0.30	 0.35	 0.4	 1.6	 0.0000	 0.7000
5.0	 6.0	 0.35	 0.40	 0.0	 0.4	 0.0000	 0.4378
5.0	 6.0	 0.35	 0.40	 0.0	 0.4	 0.4378	 0.7000
5.0	 6.0	 0.35	 0.40	 0.4	 1.6	 0.0000	 0.7000
5.0	 6.0	 0.40	 0.45	 0.0	 0.4	 0.0000	 0.4606
5.0	 6.0	 0.40	 0.45	 0.0	 0.4	 0.4606	 0.7000
5.0	 6.0	 0.40	 0.45	 0.4	 1.6	 0.0000	 0.7000
5.0	 6.0	 0.45	 0.50	 0.0	 0.4	 0.0000	 0.5152
5.0	 6.0	 0.45	 0.50	 0.0	 0.4	 0.5152	 0.7000
5.0	 6.0	 0.45	 0.50	 0.4	 1.6	 0.0000	 0.7000
5.0	 6.0	 0.50	 0.55	 0.0	 0.6	 0.0000	 0.4991
5.0	 6.0	 0.50	 0.55	 0.0	 0.6	 0.4991	 0.7000
5.0	 6.0	 0.55	 0.60	 0.0	 1.6	 0.0000	 0.7000
5.0	 6.0	 0.60	 0.65	 0.0	 1.6	 0.0000	 0.7000
5.0	 6.0	 0.65	 0.70	 0.0	 1.6	 0.0000	 0.7000
6.0	 8.0	 0.30	 0.35	 0.0	 0.4	 0.0000	 0.5567
6.0	 8.0	 0.30	 0.35	 0.0	 0.4	 0.5567	 0.7000
6.0	 8.0	 0.30	 0.35	 0.4	 1.6	 0.0000	 0.7000
6.0	 8.0	 0.35	 0.40	 0.0	 0.4	 0.0000	 0.6026
6.0	 8.0	 0.35	 0.40	 0.0	 0.4	 0.6026	 0.7000
6.0	 8.0	 0.35	 0.40	 0.4	 1.6	 0.0000	 0.7000
6.0	 8.0	 0.40	 0.45	 0.0	 0.6	 0.0000	 0.6126
6.0	 8.0	 0.40	 0.45	 0.0	 0.6	 0.6126	 0.7000
6.0	 8.0	 0.45	 0.50	 0.0	 1.6	 0.0000	 0.7000
6.0	 8.0	 0.50	 0.55	 0.0	 1.6	 0.0000	 0.7000
6.0	 8.0	 0.55	 0.60	 0.0	 1.6	 0.0000	 0.7000
6.0	 8.0	 0.60	 0.65	 0.0	 1.6	 0.0000	 0.7000
