Q2l	 Q2u	 zl	 zu	 Ptl	 Ptu	 xl	 xu
1.0	 2.0	 0.30	 0.35	 0.0	 0.2	 0.0000	 0.1742
1.0	 2.0	 0.30	 0.35	 0.0	 0.2	 0.1742	 0.7000
1.0	 2.0	 0.30	 0.35	 0.2	 0.4	 0.0000	 0.1451
1.0	 2.0	 0.30	 0.35	 0.2	 0.4	 0.1451	 0.7000
1.0	 2.0	 0.30	 0.35	 0.4	 0.6	 0.0000	 0.1876
1.0	 2.0	 0.30	 0.35	 0.4	 0.6	 0.1876	 0.7000
1.0	 2.0	 0.30	 0.35	 0.6	 1.6	 0.0000	 0.7000
1.0	 2.0	 0.35	 0.40	 0.0	 0.2	 0.0000	 0.2039
1.0	 2.0	 0.35	 0.40	 0.0	 0.2	 0.2039	 0.7000
1.0	 2.0	 0.35	 0.40	 0.2	 0.4	 0.0000	 0.1653
1.0	 2.0	 0.35	 0.40	 0.2	 0.4	 0.1653	 0.7000
1.0	 2.0	 0.35	 0.40	 0.4	 0.6	 0.0000	 0.2252
1.0	 2.0	 0.35	 0.40	 0.4	 0.6	 0.2252	 0.7000
1.0	 2.0	 0.35	 0.40	 0.6	 1.6	 0.0000	 0.7000
1.0	 2.0	 0.40	 0.45	 0.0	 0.4	 0.0000	 0.1473
1.0	 2.0	 0.40	 0.45	 0.0	 0.4	 0.1473	 0.2249
1.0	 2.0	 0.40	 0.45	 0.0	 0.4	 0.2249	 0.7000
1.0	 2.0	 0.40	 0.45	 0.4	 0.8	 0.0000	 0.1805
1.0	 2.0	 0.40	 0.45	 0.4	 0.8	 0.1805	 0.7000
1.0	 2.0	 0.45	 0.50	 0.0	 0.4	 0.0000	 0.1650
1.0	 2.0	 0.45	 0.50	 0.0	 0.4	 0.1650	 0.7000
1.0	 2.0	 0.45	 0.50	 0.4	 0.8	 0.0000	 0.2286
1.0	 2.0	 0.45	 0.50	 0.4	 0.8	 0.2286	 0.7000
1.0	 2.0	 0.50	 0.55	 0.0	 0.4	 0.0000	 0.1921
1.0	 2.0	 0.50	 0.55	 0.0	 0.4	 0.1921	 0.7000
1.0	 2.0	 0.50	 0.55	 0.4	 1.6	 0.0000	 0.7000
1.0	 2.0	 0.55	 0.60	 0.0	 0.6	 0.0000	 0.1756
1.0	 2.0	 0.55	 0.60	 0.0	 0.6	 0.1756	 0.7000
1.0	 2.0	 0.55	 0.60	 0.6	 1.6	 0.0000	 0.7000
1.0	 2.0	 0.60	 0.65	 0.0	 0.6	 0.0000	 0.2294
1.0	 2.0	 0.60	 0.65	 0.0	 0.6	 0.2294	 0.7000
1.0	 2.0	 0.60	 0.65	 0.6	 1.6	 0.0000	 0.7000
1.0	 2.0	 0.65	 0.70	 0.0	 1.6	 0.0000	 0.7000
2.0	 3.0	 0.30	 0.35	 0.0	 0.6	 0.0000	 0.3022
2.0	 3.0	 0.30	 0.35	 0.0	 0.6	 0.3022	 0.7000
2.0	 3.0	 0.35	 0.40	 0.0	 0.6	 0.0000	 0.3571
2.0	 3.0	 0.35	 0.40	 0.0	 0.6	 0.3571	 0.7000
2.0	 3.0	 0.40	 0.45	 0.0	 1.6	 0.0000	 0.7000
2.0	 3.0	 0.45	 0.50	 0.0	 1.6	 0.0000	 0.7000
2.0	 3.0	 0.50	 0.55	 0.0	 1.6	 0.0000	 0.7000
2.0	 3.0	 0.55	 0.60	 0.0	 1.6	 0.0000	 0.7000
2.0	 3.0	 0.60	 0.65	 0.0	 1.6	 0.0000	 0.7000
3.0	 4.0	 0.30	 0.35	 0.0	 1.6	 0.0000	 0.7000
3.0	 4.0	 0.35	 0.40	 0.0	 1.6	 0.0000	 0.7000
3.0	 4.0	 0.40	 0.45	 0.0	 1.6	 0.0000	 0.7000
3.0	 4.0	 0.45	 0.50	 0.0	 1.6	 0.0000	 0.7000
3.0	 4.0	 0.50	 0.55	 0.0	 1.6	 0.0000	 0.7000
4.0	 5.0	 0.30	 0.35	 0.0	 1.6	 0.0000	 0.7000
4.0	 5.0	 0.35	 0.40	 0.0	 1.6	 0.0000	 0.7000
