Q2l	 Q2u	 zl	 zu	 Ptl	 Ptu	 xl	 xu
1.0	 2.0	 0.30	 0.35	 0.0	 0.2	 0.0000	 0.1182
1.0	 2.0	 0.30	 0.35	 0.0	 0.2	 0.1182	 0.1568
1.0	 2.0	 0.30	 0.35	 0.0	 0.2	 0.1568	 0.2449
1.0	 2.0	 0.30	 0.35	 0.0	 0.2	 0.2449	 0.7000
1.0	 2.0	 0.30	 0.35	 0.2	 0.4	 0.0000	 0.0864
1.0	 2.0	 0.30	 0.35	 0.2	 0.4	 0.0864	 0.1049
1.0	 2.0	 0.30	 0.35	 0.2	 0.4	 0.1049	 0.1241
1.0	 2.0	 0.30	 0.35	 0.2	 0.4	 0.1241	 0.1513
1.0	 2.0	 0.30	 0.35	 0.2	 0.4	 0.1513	 0.2136
1.0	 2.0	 0.30	 0.35	 0.2	 0.4	 0.2136	 0.7000
1.0	 2.0	 0.30	 0.35	 0.4	 0.6	 0.0000	 0.0886
1.0	 2.0	 0.30	 0.35	 0.4	 0.6	 0.0886	 0.1148
1.0	 2.0	 0.30	 0.35	 0.4	 0.6	 0.1148	 0.1585
1.0	 2.0	 0.30	 0.35	 0.4	 0.6	 0.1585	 0.7000
1.0	 2.0	 0.30	 0.35	 0.6	 0.8	 0.0000	 0.2260
1.0	 2.0	 0.30	 0.35	 0.6	 0.8	 0.2260	 0.7000
1.0	 2.0	 0.35	 0.40	 0.0	 0.2	 0.0000	 0.1407
1.0	 2.0	 0.35	 0.40	 0.0	 0.2	 0.1407	 0.2284
1.0	 2.0	 0.35	 0.40	 0.0	 0.2	 0.2284	 0.7000
1.0	 2.0	 0.35	 0.40	 0.2	 0.4	 0.0000	 0.0970
1.0	 2.0	 0.35	 0.40	 0.2	 0.4	 0.0970	 0.1220
1.0	 2.0	 0.35	 0.40	 0.2	 0.4	 0.1220	 0.1559
1.0	 2.0	 0.35	 0.40	 0.2	 0.4	 0.1559	 0.7000
1.0	 2.0	 0.35	 0.40	 0.4	 0.6	 0.0000	 0.0947
1.0	 2.0	 0.35	 0.40	 0.4	 0.6	 0.0947	 0.1283
1.0	 2.0	 0.35	 0.40	 0.4	 0.6	 0.1283	 0.2496
1.0	 2.0	 0.35	 0.40	 0.4	 0.6	 0.2496	 0.7000
1.0	 2.0	 0.35	 0.40	 0.6	 0.8	 0.0000	 0.1732
1.0	 2.0	 0.35	 0.40	 0.6	 0.8	 0.1732	 0.7000
1.0	 2.0	 0.40	 0.45	 0.0	 0.2	 0.0000	 0.1714
1.0	 2.0	 0.40	 0.45	 0.0	 0.2	 0.1714	 0.7000
1.0	 2.0	 0.40	 0.45	 0.2	 0.4	 0.0000	 0.1084
1.0	 2.0	 0.40	 0.45	 0.2	 0.4	 0.1084	 0.1465
1.0	 2.0	 0.40	 0.45	 0.2	 0.4	 0.1465	 0.7000
1.0	 2.0	 0.40	 0.45	 0.4	 0.6	 0.0000	 0.1043
1.0	 2.0	 0.40	 0.45	 0.4	 0.6	 0.1043	 0.1593
1.0	 2.0	 0.40	 0.45	 0.4	 0.6	 0.1593	 0.7000
1.0	 2.0	 0.40	 0.45	 0.6	 0.8	 0.0000	 0.1738
1.0	 2.0	 0.40	 0.45	 0.6	 0.8	 0.1738	 0.7000
1.0	 2.0	 0.40	 0.45	 0.8	 1.6	 0.0000	 0.7000
1.0	 2.0	 0.45	 0.50	 0.0	 0.2	 0.0000	 0.2797
1.0	 2.0	 0.45	 0.50	 0.0	 0.2	 0.2797	 0.7000
1.0	 2.0	 0.45	 0.50	 0.2	 0.4	 0.0000	 0.1254
1.0	 2.0	 0.45	 0.50	 0.2	 0.4	 0.1254	 0.2137
1.0	 2.0	 0.45	 0.50	 0.2	 0.4	 0.2137	 0.7000
1.0	 2.0	 0.45	 0.50	 0.4	 0.6	 0.0000	 0.1167
1.0	 2.0	 0.45	 0.50	 0.4	 0.6	 0.1167	 0.7000
1.0	 2.0	 0.45	 0.50	 0.6	 0.8	 0.0000	 0.2399
1.0	 2.0	 0.45	 0.50	 0.6	 0.8	 0.2399	 0.7000
1.0	 2.0	 0.45	 0.50	 0.8	 1.6	 0.0000	 0.7000
1.0	 2.0	 0.50	 0.55	 0.0	 0.4	 0.0000	 0.1354
1.0	 2.0	 0.50	 0.55	 0.0	 0.4	 0.1354	 0.2097
1.0	 2.0	 0.50	 0.55	 0.0	 0.4	 0.2097	 0.7000
1.0	 2.0	 0.50	 0.55	 0.4	 0.6	 0.0000	 0.1377
1.0	 2.0	 0.50	 0.55	 0.4	 0.6	 0.1377	 0.7000
1.0	 2.0	 0.50	 0.55	 0.6	 1.0	 0.0000	 0.1491
1.0	 2.0	 0.50	 0.55	 0.6	 1.0	 0.1491	 0.7000
1.0	 2.0	 0.55	 0.60	 0.0	 0.4	 0.0000	 0.1560
1.0	 2.0	 0.55	 0.60	 0.0	 0.4	 0.1560	 0.7000
1.0	 2.0	 0.55	 0.60	 0.4	 0.6	 0.0000	 0.1838
1.0	 2.0	 0.55	 0.60	 0.4	 0.6	 0.1838	 0.7000
1.0	 2.0	 0.55	 0.60	 0.6	 1.0	 0.0000	 0.1896
1.0	 2.0	 0.55	 0.60	 0.6	 1.0	 0.1896	 0.7000
1.0	 2.0	 0.60	 0.65	 0.0	 0.4	 0.0000	 0.2033
1.0	 2.0	 0.60	 0.65	 0.0	 0.4	 0.2033	 0.7000
1.0	 2.0	 0.60	 0.65	 0.4	 0.8	 0.0000	 0.1367
1.0	 2.0	 0.60	 0.65	 0.4	 0.8	 0.1367	 0.7000
1.0	 2.0	 0.60	 0.65	 0.8	 1.6	 0.0000	 0.7000
1.0	 2.0	 0.65	 0.70	 0.0	 0.6	 0.0000	 0.1587
1.0	 2.0	 0.65	 0.70	 0.0	 0.6	 0.1587	 0.7000
1.0	 2.0	 0.65	 0.70	 0.6	 1.6	 0.0000	 0.7000
2.0	 3.0	 0.30	 0.35	 0.0	 0.2	 0.0000	 0.2134
2.0	 3.0	 0.30	 0.35	 0.0	 0.2	 0.2134	 0.2944
2.0	 3.0	 0.30	 0.35	 0.0	 0.2	 0.2944	 0.7000
2.0	 3.0	 0.30	 0.35	 0.2	 0.4	 0.0000	 0.1854
2.0	 3.0	 0.30	 0.35	 0.2	 0.4	 0.1854	 0.2364
2.0	 3.0	 0.30	 0.35	 0.2	 0.4	 0.2364	 0.3657
2.0	 3.0	 0.30	 0.35	 0.2	 0.4	 0.3657	 0.7000
2.0	 3.0	 0.30	 0.35	 0.4	 0.6	 0.0000	 0.2183
2.0	 3.0	 0.30	 0.35	 0.4	 0.6	 0.2183	 0.7000
2.0	 3.0	 0.30	 0.35	 0.6	 1.6	 0.0000	 0.7000
2.0	 3.0	 0.35	 0.40	 0.0	 0.2	 0.0000	 0.2398
2.0	 3.0	 0.35	 0.40	 0.0	 0.2	 0.2398	 0.7000
2.0	 3.0	 0.35	 0.40	 0.2	 0.4	 0.0000	 0.1988
2.0	 3.0	 0.35	 0.40	 0.2	 0.4	 0.1988	 0.2781
2.0	 3.0	 0.35	 0.40	 0.2	 0.4	 0.2781	 0.7000
2.0	 3.0	 0.35	 0.40	 0.4	 0.6	 0.0000	 0.2412
2.0	 3.0	 0.35	 0.40	 0.4	 0.6	 0.2412	 0.7000
2.0	 3.0	 0.35	 0.40	 0.6	 1.6	 0.0000	 0.7000
2.0	 3.0	 0.40	 0.45	 0.0	 0.2	 0.0000	 0.2911
2.0	 3.0	 0.40	 0.45	 0.0	 0.2	 0.2911	 0.7000
2.0	 3.0	 0.40	 0.45	 0.2	 0.4	 0.0000	 0.2182
2.0	 3.0	 0.40	 0.45	 0.2	 0.4	 0.2182	 0.7000
2.0	 3.0	 0.40	 0.45	 0.4	 0.6	 0.0000	 0.2873
2.0	 3.0	 0.40	 0.45	 0.4	 0.6	 0.2873	 0.7000
2.0	 3.0	 0.40	 0.45	 0.6	 1.6	 0.0000	 0.7000
2.0	 3.0	 0.45	 0.50	 0.0	 0.4	 0.0000	 0.2125
2.0	 3.0	 0.45	 0.50	 0.0	 0.4	 0.2125	 0.3003
2.0	 3.0	 0.45	 0.50	 0.0	 0.4	 0.3003	 0.7000
2.0	 3.0	 0.45	 0.50	 0.4	 0.8	 0.0000	 0.2442
2.0	 3.0	 0.45	 0.50	 0.4	 0.8	 0.2442	 0.7000
2.0	 3.0	 0.50	 0.55	 0.0	 0.4	 0.0000	 0.2412
2.0	 3.0	 0.50	 0.55	 0.0	 0.4	 0.2412	 0.7000
2.0	 3.0	 0.50	 0.55	 0.4	 0.8	 0.0000	 0.2924
2.0	 3.0	 0.50	 0.55	 0.4	 0.8	 0.2924	 0.7000
2.0	 3.0	 0.55	 0.60	 0.0	 0.4	 0.0000	 0.2900
2.0	 3.0	 0.55	 0.60	 0.0	 0.4	 0.2900	 0.7000
2.0	 3.0	 0.55	 0.60	 0.4	 1.6	 0.0000	 0.7000
2.0	 3.0	 0.60	 0.65	 0.0	 0.6	 0.0000	 0.2641
2.0	 3.0	 0.60	 0.65	 0.0	 0.6	 0.2641	 0.7000
2.0	 3.0	 0.60	 0.65	 0.6	 1.6	 0.0000	 0.7000
2.0	 3.0	 0.65	 0.70	 0.0	 1.0	 0.0000	 0.2814
2.0	 3.0	 0.65	 0.70	 0.0	 1.0	 0.2814	 0.7000
3.0	 4.0	 0.30	 0.35	 0.0	 0.2	 0.0000	 0.3395
3.0	 4.0	 0.30	 0.35	 0.0	 0.2	 0.3395	 0.7000
3.0	 4.0	 0.30	 0.35	 0.2	 0.4	 0.0000	 0.2996
3.0	 4.0	 0.30	 0.35	 0.2	 0.4	 0.2996	 0.7000
3.0	 4.0	 0.30	 0.35	 0.4	 0.8	 0.0000	 0.3357
3.0	 4.0	 0.30	 0.35	 0.4	 0.8	 0.3357	 0.7000
3.0	 4.0	 0.35	 0.40	 0.0	 0.4	 0.0000	 0.2856
3.0	 4.0	 0.35	 0.40	 0.0	 0.4	 0.2856	 0.3619
3.0	 4.0	 0.35	 0.40	 0.0	 0.4	 0.3619	 0.7000
3.0	 4.0	 0.35	 0.40	 0.4	 0.8	 0.0000	 0.3901
3.0	 4.0	 0.35	 0.40	 0.4	 0.8	 0.3901	 0.7000
3.0	 4.0	 0.40	 0.45	 0.0	 0.4	 0.0000	 0.3049
3.0	 4.0	 0.40	 0.45	 0.0	 0.4	 0.3049	 0.7000
3.0	 4.0	 0.40	 0.45	 0.4	 1.6	 0.0000	 0.7000
3.0	 4.0	 0.45	 0.50	 0.0	 0.4	 0.0000	 0.3435
3.0	 4.0	 0.45	 0.50	 0.0	 0.4	 0.3435	 0.7000
3.0	 4.0	 0.45	 0.50	 0.4	 1.6	 0.0000	 0.7000
3.0	 4.0	 0.50	 0.55	 0.0	 0.6	 0.0000	 0.3355
3.0	 4.0	 0.50	 0.55	 0.0	 0.6	 0.3355	 0.7000
3.0	 4.0	 0.50	 0.55	 0.6	 1.6	 0.0000	 0.7000
3.0	 4.0	 0.55	 0.60	 0.0	 0.6	 0.0000	 0.4237
3.0	 4.0	 0.55	 0.60	 0.0	 0.6	 0.4237	 0.7000
3.0	 4.0	 0.60	 0.65	 0.0	 1.6	 0.0000	 0.7000
3.0	 4.0	 0.65	 0.70	 0.0	 1.6	 0.0000	 0.7000
4.0	 5.0	 0.30	 0.35	 0.0	 0.2	 0.0000	 0.4142
4.0	 5.0	 0.30	 0.35	 0.0	 0.2	 0.4142	 0.7000
4.0	 5.0	 0.30	 0.35	 0.2	 0.4	 0.0000	 0.3909
4.0	 5.0	 0.30	 0.35	 0.2	 0.4	 0.3909	 0.7000
4.0	 5.0	 0.30	 0.35	 0.4	 1.6	 0.0000	 0.7000
4.0	 5.0	 0.35	 0.40	 0.0	 0.4	 0.0000	 0.3627
4.0	 5.0	 0.35	 0.40	 0.0	 0.4	 0.3627	 0.4889
4.0	 5.0	 0.35	 0.40	 0.0	 0.4	 0.4889	 0.7000
4.0	 5.0	 0.35	 0.40	 0.4	 1.6	 0.0000	 0.7000
4.0	 5.0	 0.40	 0.45	 0.0	 0.4	 0.0000	 0.3863
4.0	 5.0	 0.40	 0.45	 0.0	 0.4	 0.3863	 0.7000
4.0	 5.0	 0.40	 0.45	 0.4	 1.6	 0.0000	 0.7000
4.0	 5.0	 0.45	 0.50	 0.0	 0.4	 0.0000	 0.4468
4.0	 5.0	 0.45	 0.50	 0.0	 0.4	 0.4468	 0.7000
4.0	 5.0	 0.45	 0.50	 0.4	 1.6	 0.0000	 0.7000
4.0	 5.0	 0.50	 0.55	 0.0	 0.6	 0.0000	 0.4460
4.0	 5.0	 0.50	 0.55	 0.0	 0.6	 0.4460	 0.7000
4.0	 5.0	 0.55	 0.60	 0.0	 1.6	 0.0000	 0.7000
4.0	 5.0	 0.60	 0.65	 0.0	 1.6	 0.0000	 0.7000
4.0	 5.0	 0.65	 0.70	 0.0	 1.6	 0.0000	 0.7000
5.0	 6.0	 0.30	 0.35	 0.0	 0.4	 0.0000	 0.4500
5.0	 6.0	 0.30	 0.35	 0.0	 0.4	 0.4500	 0.7000
5.0	 6.0	 0.30	 0.35	 0.4	 1.6	 0.0000	 0.7000
5.0	 6.0	 0.35	 0.40	 0.0	 0.4	 0.0000	 0.4822
5.0	 6.0	 0.35	 0.40	 0.0	 0.4	 0.4822	 0.7000
5.0	 6.0	 0.35	 0.40	 0.4	 1.6	 0.0000	 0.7000
5.0	 6.0	 0.40	 0.45	 0.0	 0.6	 0.0000	 0.4915
5.0	 6.0	 0.40	 0.45	 0.0	 0.6	 0.4915	 0.7000
5.0	 6.0	 0.45	 0.50	 0.0	 1.0	 0.0000	 0.5553
5.0	 6.0	 0.45	 0.50	 0.0	 1.0	 0.5553	 0.7000
5.0	 6.0	 0.50	 0.55	 0.0	 1.6	 0.0000	 0.7000
5.0	 6.0	 0.55	 0.60	 0.0	 1.6	 0.0000	 0.7000
5.0	 6.0	 0.60	 0.65	 0.0	 1.6	 0.0000	 0.7000
6.0	 8.0	 0.30	 0.35	 0.0	 0.8	 0.0000	 0.6089
6.0	 8.0	 0.30	 0.35	 0.0	 0.8	 0.6089	 0.7000
6.0	 8.0	 0.35	 0.40	 0.0	 1.6	 0.0000	 0.7000
6.0	 8.0	 0.40	 0.45	 0.0	 1.6	 0.0000	 0.7000
6.0	 8.0	 0.45	 0.50	 0.0	 1.6	 0.0000	 0.7000
6.0	 8.0	 0.50	 0.55	 0.0	 1.6	 0.0000	 0.7000
6.0	 8.0	 0.55	 0.60	 0.0	 1.6	 0.0000	 0.7000
