Q2l	 Q2u	 zl	 zu	 Ptl	 Ptu	 xl	 xu
1.0	 2.0	 0.30	 0.35	 0.0	 0.2	 0.0000	 0.1477
1.0	 2.0	 0.30	 0.35	 0.0	 0.2	 0.1477	 0.2316
1.0	 2.0	 0.30	 0.35	 0.0	 0.2	 0.2316	 0.7000
1.0	 2.0	 0.30	 0.35	 0.2	 0.4	 0.0000	 0.1255
1.0	 2.0	 0.30	 0.35	 0.2	 0.4	 0.1255	 0.1743
1.0	 2.0	 0.30	 0.35	 0.2	 0.4	 0.1743	 0.7000
1.0	 2.0	 0.30	 0.35	 0.4	 0.6	 0.0000	 0.1355
1.0	 2.0	 0.30	 0.35	 0.4	 0.6	 0.1355	 0.2544
1.0	 2.0	 0.30	 0.35	 0.4	 0.6	 0.2544	 0.7000
1.0	 2.0	 0.30	 0.35	 0.6	 1.6	 0.0000	 0.7000
1.0	 2.0	 0.35	 0.40	 0.0	 0.2	 0.0000	 0.1688
1.0	 2.0	 0.35	 0.40	 0.0	 0.2	 0.1688	 0.7000
1.0	 2.0	 0.35	 0.40	 0.2	 0.4	 0.0000	 0.1390
1.0	 2.0	 0.35	 0.40	 0.2	 0.4	 0.1390	 0.2188
1.0	 2.0	 0.35	 0.40	 0.2	 0.4	 0.2188	 0.7000
1.0	 2.0	 0.35	 0.40	 0.4	 0.6	 0.0000	 0.1448
1.0	 2.0	 0.35	 0.40	 0.4	 0.6	 0.1448	 0.7000
1.0	 2.0	 0.35	 0.40	 0.6	 1.6	 0.0000	 0.7000
1.0	 2.0	 0.40	 0.45	 0.0	 0.2	 0.0000	 0.1960
1.0	 2.0	 0.40	 0.45	 0.0	 0.2	 0.1960	 0.7000
1.0	 2.0	 0.40	 0.45	 0.2	 0.4	 0.0000	 0.1569
1.0	 2.0	 0.40	 0.45	 0.2	 0.4	 0.1569	 0.7000
1.0	 2.0	 0.40	 0.45	 0.4	 0.6	 0.0000	 0.1634
1.0	 2.0	 0.40	 0.45	 0.4	 0.6	 0.1634	 0.7000
1.0	 2.0	 0.40	 0.45	 0.6	 1.6	 0.0000	 0.7000
1.0	 2.0	 0.45	 0.50	 0.0	 0.4	 0.0000	 0.1457
1.0	 2.0	 0.45	 0.50	 0.0	 0.4	 0.1457	 0.2050
1.0	 2.0	 0.45	 0.50	 0.0	 0.4	 0.2050	 0.7000
1.0	 2.0	 0.45	 0.50	 0.4	 0.6	 0.0000	 0.2045
1.0	 2.0	 0.45	 0.50	 0.4	 0.6	 0.2045	 0.7000
1.0	 2.0	 0.45	 0.50	 0.6	 1.6	 0.0000	 0.7000
1.0	 2.0	 0.50	 0.55	 0.0	 0.4	 0.0000	 0.1592
1.0	 2.0	 0.50	 0.55	 0.0	 0.4	 0.1592	 0.7000
1.0	 2.0	 0.50	 0.55	 0.4	 0.8	 0.0000	 0.1613
1.0	 2.0	 0.50	 0.55	 0.4	 0.8	 0.1613	 0.7000
1.0	 2.0	 0.55	 0.60	 0.0	 0.4	 0.0000	 0.1799
1.0	 2.0	 0.55	 0.60	 0.0	 0.4	 0.1799	 0.7000
1.0	 2.0	 0.55	 0.60	 0.4	 0.8	 0.0000	 0.1896
1.0	 2.0	 0.55	 0.60	 0.4	 0.8	 0.1896	 0.7000
1.0	 2.0	 0.60	 0.65	 0.0	 0.4	 0.0000	 0.2156
1.0	 2.0	 0.60	 0.65	 0.0	 0.4	 0.2156	 0.7000
1.0	 2.0	 0.60	 0.65	 0.4	 1.6	 0.0000	 0.2249
1.0	 2.0	 0.60	 0.65	 0.4	 1.6	 0.2249	 0.7000
1.0	 2.0	 0.65	 0.70	 0.0	 0.6	 0.0000	 0.1913
1.0	 2.0	 0.65	 0.70	 0.0	 0.6	 0.1913	 0.7000
1.0	 2.0	 0.65	 0.70	 0.6	 1.6	 0.0000	 0.7000
2.0	 3.0	 0.30	 0.35	 0.0	 0.4	 0.0000	 0.2760
2.0	 3.0	 0.30	 0.35	 0.0	 0.4	 0.2760	 0.7000
2.0	 3.0	 0.30	 0.35	 0.4	 1.6	 0.0000	 0.7000
2.0	 3.0	 0.35	 0.40	 0.0	 0.4	 0.0000	 0.3096
2.0	 3.0	 0.35	 0.40	 0.0	 0.4	 0.3096	 0.7000
2.0	 3.0	 0.35	 0.40	 0.4	 1.6	 0.0000	 0.7000
2.0	 3.0	 0.40	 0.45	 0.0	 0.6	 0.0000	 0.2922
2.0	 3.0	 0.40	 0.45	 0.0	 0.6	 0.2922	 0.7000
2.0	 3.0	 0.45	 0.50	 0.0	 0.6	 0.0000	 0.3275
2.0	 3.0	 0.45	 0.50	 0.0	 0.6	 0.3275	 0.7000
2.0	 3.0	 0.50	 0.55	 0.0	 1.0	 0.0000	 0.3522
2.0	 3.0	 0.50	 0.55	 0.0	 1.0	 0.3522	 0.7000
2.0	 3.0	 0.55	 0.60	 0.0	 1.6	 0.0000	 0.7000
2.0	 3.0	 0.60	 0.65	 0.0	 1.6	 0.0000	 0.7000
2.0	 3.0	 0.65	 0.70	 0.0	 1.6	 0.0000	 0.7000
3.0	 4.0	 0.30	 0.35	 0.0	 1.6	 0.0000	 0.7000
3.0	 4.0	 0.35	 0.40	 0.0	 1.6	 0.0000	 0.7000
3.0	 4.0	 0.40	 0.45	 0.0	 1.6	 0.0000	 0.7000
3.0	 4.0	 0.45	 0.50	 0.0	 1.6	 0.0000	 0.7000
3.0	 4.0	 0.50	 0.55	 0.0	 1.6	 0.0000	 0.7000
3.0	 4.0	 0.55	 0.60	 0.0	 1.6	 0.0000	 0.7000
4.0	 5.0	 0.30	 0.35	 0.0	 1.6	 0.0000	 0.7000
4.0	 5.0	 0.35	 0.40	 0.0	 1.6	 0.0000	 0.7000
4.0	 5.0	 0.40	 0.45	 0.0	 1.6	 0.0000	 0.7000
4.0	 5.0	 0.45	 0.50	 0.0	 1.6	 0.0000	 0.7000
