i	Ebeam	x	y	z	Q2	pT	obs	Nacc	stat_sivers	stat_collins	stat_pretzelosity	systrel	systabs	target	hadron	Experiment	AUTSivers	error_stat_sivers	error_tot_sivers	AUTCollins	error_stat_collins	error_tot_collins	AUTPretzelosity	error_stat_pretzelosity	error_tot_pretzelosity
0	11.0	0.133998	0.55185	0.323755	1.500144	0.124343	AUT	19562129.647118	0.002942	0.002586	0.00259	0.070207	0.001192	neutron	pi+	solid	-0.012020078455502764	0.002942	0.0032845676259359523	-0.05032150302525589	0.002586	0.004537598063153131	6.534707176637664e-05	0.00259	0.002851137500737116
1	11.0	0.21727	0.401135	0.324599	1.773087	0.076804	AUT	7958608.886588	0.004043	0.004004	0.004009	0.070207	0.001343	neutron	pi+	solid	-0.006326116268993537	0.004043	0.004283311364775488	-0.047215195997599775	0.004004	0.005368781155542445	4.776831708003637e-05	0.004009	0.004227971292133387
2	11.0	0.092643	0.683318	0.323372	1.294186	0.30351	AUT	19073792.876076	0.003622	0.002924	0.00292	0.070207	0.001125	neutron	pi+	solid	-0.029172616753072308	0.003622	0.004310372644588079	-0.06603792158174332	0.002924	0.005595614762978947	0.00029890506311445146	0.00292	0.003129291514030675
3	11.0	0.154878	0.54879	0.322572	1.681252	0.310245	AUT	10466177.607927	0.003847	0.003588	0.003626	0.070207	0.001227	neutron	pi+	solid	-0.02849007080125893	0.003847	0.0045061899254183685	-0.12588460174216023	0.003588	0.00961712886601932	0.0011908517359246623	0.003626	0.003828889523688263
4	11.0	0.085966	0.715643	0.323588	1.25449	0.491645	AUT	18901363.164168	0.002186	0.002237	0.002244	0.070207	0.001115	neutron	pi+	solid	-0.045667838971462	0.002186	0.00403751805899671	-0.0775640826489682	0.002237	0.005991770754844951	0.0007790920958307606	0.002244	0.0025063425225692634
5	11.0	0.158307	0.527143	0.324561	1.650076	0.480726	AUT	16320045.981655	0.002662	0.002865	0.002851	0.070207	0.001234	neutron	pi+	solid	-0.043147770950100875	0.002662	0.004217287088720477	-0.1743783307553878	0.002865	0.01263375371828266	0.003880089359314781	0.002851	0.003118519504434948
6	11.0	0.103943	0.691153	0.326782	1.411257	0.668541	AUT	8328347.069864	0.003281	0.003955	0.004009	0.070207	0.001143	neutron	pi+	solid	-0.06075583757815155	0.003281	0.005501433726147721	-0.10369448048009172	0.003955	0.008363493013093465	0.002275779833692158	0.004009	0.004171817141996122
7	11.0	0.152717	0.511413	0.373838	1.567191	0.114451	AUT	18878541.665543	0.002656	0.002498	0.002513	0.070207	0.001233	neutron	pi+	solid	-0.012693913271023191	0.002656	0.0030608602118720545	-0.047535506591484256	0.002498	0.004347186818303567	8.420904497625249e-05	0.002513	0.0027991950543871918
8	11.0	0.252075	0.351021	0.374496	1.8179	0.097056	AUT	2433161.991103	0.008447	0.008029	0.008036	0.070207	0.00142	neutron	pi+	solid	-0.008516283452879412	0.008447	0.008586366906524956	-0.05664561953868629	0.008029	0.009071776332101437	0.00015408392117084596	0.008036	0.00816050323351107
9	11.0	0.106439	0.651476	0.373817	1.410664	0.295822	AUT	18768392.142235	0.005868	0.004042	0.00407	0.070207	0.001153	neutron	pi+	solid	-0.0333519312466437	0.005868	0.006422276703938407	-0.06999796947376687	0.004042	0.006466682595349391	0.0004805530249228434	0.00407	0.004230301084463074
10	11.0	0.182192	0.488861	0.372502	1.789458	0.291024	AUT	1170616.754393	0.013507	0.012643	0.01277	0.070207	0.001288	neutron	pi+	solid	-0.029813084701704056	0.013507	0.013728765683207793	-0.12648662790347212	0.012643	0.015503650350493082	0.0017813084675305927	0.01277	0.01283539964646734
11	11.0	0.101879	0.666505	0.373393	1.364232	0.499801	AUT	19812432.672841	0.002143	0.002144	0.002152	0.070207	0.001145	neutron	pi+	solid	-0.05415053439554784	0.002143	0.004511845627860441	-0.09341480800015947	0.002144	0.006994285023163623	0.0015666219091683023	0.002152	0.0024401283411966635
12	11.0	0.200845	0.425816	0.373689	1.725008	0.491021	AUT	5902089.061548	0.00455	0.007168	0.007141	0.070207	0.001322	neutron	pi+	solid	-0.04682416781593321	0.00455	0.005766895166695845	-0.20148244036423849	0.007168	0.0159129647488058	0.008579104276171222	0.007141	0.007287272889049384
13	11.0	0.107305	0.670076	0.375894	1.405941	0.692024	AUT	11829654.737002	0.002807	0.002961	0.002958	0.070207	0.001154	neutron	pi+	solid	-0.07139678324459339	0.002807	0.005859749330344672	-0.10471873386406869	0.002961	0.008009429863238438	0.003184947459756314	0.002958	0.0031829985025400138
14	11.0	0.111137	0.616988	0.423727	1.396493	0.251285	AUT	19027658.054568	0.004466	0.003341	0.003346	0.070207	0.001165	neutron	pi+	solid	-0.03249509516809205	0.004466	0.005148503672037168	-0.06128627520482412	0.003341	0.005570722837199947	0.0004171585162007871	0.003346	0.003543134030008919
15	11.0	0.1881	0.456577	0.424433	1.725783	0.127903	AUT	12851708.309415	0.003227	0.003124	0.003137	0.070207	0.001306	neutron	pi+	solid	-0.015201338867284295	0.003227	0.0036411766047274624	-0.056175293199485235	0.003124	0.005198014026607476	0.00021676651811824315	0.003137	0.0033980342263670842
16	11.0	0.094858	0.689165	0.423793	1.326266	0.576703	AUT	19295964.037413	0.002161	0.002214	0.002211	0.070207	0.001137	neutron	pi+	solid	-0.06863769165017203	0.002161	0.005402219062313405	-0.08175591711328874	0.002214	0.0062562210246905675	0.0019618202332687498	0.002211	0.002490032232850727
17	11.0	0.179888	0.470784	0.423688	1.689638	0.572506	AUT	8007756.599419	0.003833	0.004766	0.004751	0.070207	0.00129	neutron	pi+	solid	-0.06318368804477942	0.003833	0.006002793326702522	-0.18130809500725806	0.004766	0.013653159974344548	0.010501775662795587	0.004751	0.0049779222154002845
18	11.0	0.125398	0.580604	0.473781	1.4716	0.2323	AUT	19021470.588812	0.003444	0.002858	0.00287	0.070207	0.001195	neutron	pi+	solid	-0.03352153071597357	0.003444	0.004339109307040117	-0.06066787282655759	0.002858	0.0052666787559135985	0.0005191272192869057	0.00287	0.003109059880011756
19	11.0	0.213689	0.407106	0.474227	1.76783	0.115264	AUT	6001117.508056	0.00478	0.004713	0.00472	0.070207	0.001365	neutron	pi+	solid	-0.01453815643155817	0.00478	0.0050747821011348495	-0.05058946032556902	0.004713	0.006057260941980328	0.0002401185502594805	0.00472	0.004913441685037801
20	11.0	0.107738	0.651847	0.473784	1.394078	0.591646	AUT	18581274.428361	0.002283	0.002271	0.00227	0.070207	0.001163	neutron	pi+	solid	-0.07764782773185522	0.002283	0.006023508061958252	-0.09347700774361882	0.002271	0.007041276163991793	0.003319131579725982	0.00227	0.0025612048420404136
21	11.0	0.223181	0.386772	0.473079	1.766498	0.598804	AUT	1751437.744387	0.009286	0.015795	0.015874	0.070207	0.001385	neutron	pi+	solid	-0.06555386668706456	0.009286	0.010456077534490604	-0.20169603282802626	0.015795	0.021258392607482125	0.02081537757766157	0.015874	0.016001179573472506
22	11.0	0.148449	0.53092	0.523954	1.548136	0.207815	AUT	19282661.979108	0.002909	0.002624	0.002633	0.070207	0.001242	neutron	pi+	solid	-0.03266065476263927	0.002909	0.0039067536672835355	-0.06078434577619775	0.002624	0.00516133525099351	0.0006450065461211961	0.002633	0.002911580951708896
23	11.0	0.285598	0.319602	0.524393	1.883567	0.177209	AUT	271240.57567	0.04872	0.03644	0.03722	0.070207	0.001518	neutron	pi+	solid	-0.0200151388591859	0.04872	0.048763893600291715	-0.07767070359123475	0.03644	0.03687700405960171	0.0016527178535133953	0.03722	0.03725112330533283
24	11.0	0.11188	0.644275	0.524102	1.413564	0.666292	AUT	18614748.729038	0.00233	0.002304	0.0023	0.070207	0.001174	neutron	pi+	solid	-0.09217223662994804	0.00233	0.0069773046328785475	-0.09715570534167207	0.002304	0.007294715736234614	0.004972126332607859	0.0023	0.002605788076830496
25	11.0	0.248742	0.359348	0.518384	1.84374	0.608166	AUT	134047.451803	0.042413	0.071162	0.072716	0.070207	0.001446	neutron	pi+	solid	-0.06715352530457362	0.042413	0.04269872816057522	-0.20115628761149668	0.071162	0.0725642364480707	0.029153775178281938	0.072716	0.07275917095824389
26	11.0	0.129083	0.578707	0.574101	1.487	0.302531	AUT	18506430.512721	0.003332	0.002834	0.002844	0.070207	0.001213	neutron	pi+	solid	-0.0521171515154925	0.003332	0.005095271577807406	-0.06848747473477929	0.002834	0.005711626320398347	0.00142764120791807	0.002844	0.003093501435969267
27	11.0	0.236352	0.371643	0.574023	1.798714	0.14613	AUT	2293103.584738	0.008355	0.008137	0.008138	0.070207	0.001433	neutron	pi+	solid	-0.021304963496333408	0.008355	0.008607950087840599	-0.05790638574467361	0.008137	0.009208257628398386	0.000741867576256256	0.008138	0.0082633677017295
28	11.0	0.110769	0.64597	0.574301	1.401396	0.802598	AUT	9657556.187177	0.003163	0.003157	0.003148	0.070207	0.001178	neutron	pi+	solid	-0.11041939742293928	0.003163	0.008455121805457816	-0.09789127021325368	0.003157	0.007654259214273449	0.0067380614542474826	0.003148	0.003394314790007089
29	11.0	0.131777	0.575711	0.623841	1.489437	0.370775	AUT	19245592.743362	0.002944	0.00263	0.00263	0.070207	0.001225	neutron	pi+	solid	-0.06811280282527526	0.002944	0.005747629286988927	-0.07979039988635879	0.00263	0.006308580504088759	0.0028380440127272538	0.00263	0.002908130977804632
30	11.0	0.254984	0.348971	0.62204	1.833894	0.163158	AUT	624272.214035	0.018191	0.016961	0.017119	0.070207	0.001486	neutron	pi+	solid	-0.024673276974464465	0.018191	0.018333611787662837	-0.06305062608069911	0.016961	0.01759199997147682	0.0013137399222603418	0.017119	0.017183621971591397
31	11.0	0.127893	0.59123	0.673485	1.476441	0.465292	AUT	17950936.463023	0.002771	0.002598	0.002604	0.070207	0.001225	neutron	pi+	solid	-0.08934564130413811	0.002771	0.006966038960459469	-0.0896393115678159	0.002598	0.006917799061083146	0.005011949352576179	0.002604	0.002899181998658295
32	11.0	0.203246	0.564238	0.32397	2.340486	0.108623	AUT	11090283.698527	0.003626	0.003453	0.003462	0.070207	0.001321	neutron	pi+	solid	-0.00901691445580749	0.003626	0.003910712205246169	-0.05313940547439066	0.003453	0.0052523144466393645	9.621752741897188e-05	0.003462	0.0037054730645316733
33	11.0	0.289627	0.42808	0.324572	2.533479	0.090172	AUT	7767955.90641	0.004642	0.004533	0.004525	0.070207	0.001475	neutron	pi+	solid	-0.005763432798663521	0.004642	0.004887485767642811	-0.05534526191042428	0.004533	0.006149942610241383	0.00012061151265202019	0.004525	0.004759340469347679
34	11.0	0.184077	0.614905	0.323621	2.301181	0.399119	AUT	11424399.665007	0.003229	0.003283	0.00329	0.070207	0.001286	neutron	pi+	solid	-0.033611799232009104	0.003229	0.004201049343367834	-0.1450981354895537	0.003283	0.010779838327634378	0.002846214462530255	0.00329	0.0035380539428365772
35	11.0	0.288121	0.423055	0.323229	2.487136	0.462656	AUT	4924124.973311	0.006087	0.009047	0.009029	0.070207	0.001471	neutron	pi+	solid	-0.028475270938656132	0.006087	0.006573588372202014	-0.22704248988012857	0.009047	0.01838735326616616	0.011615311358760204	0.009029	0.009184317251433162
36	11.0	0.215623	0.540188	0.373986	2.369125	0.10803	AUT	11009279.911294	0.003547	0.00346	0.003483	0.070207	0.001355	neutron	pi+	solid	-0.010251993551292367	0.003547	0.003864620410983408	-0.04987519508000509	0.00346	0.0051057557979254055	0.00013091027380556178	0.003483	0.003737298285008574
37	11.0	0.305285	0.407221	0.37408	2.552126	0.105882	AUT	4399125.981764	0.006595	0.006335	0.006339	0.070207	0.001519	neutron	pi+	solid	-0.00755278672009007	0.006595	0.006788413664024434	-0.05835542530624158	0.006335	0.007695756094776101	0.0002553951750728414	0.006339	0.006518481687009041
38	11.0	0.207066	0.570492	0.373411	2.335013	0.409511	AUT	11036758.911289	0.003744	0.003733	0.003751	0.070207	0.001334	neutron	pi+	solid	-0.03820951892478653	0.003744	0.004795133403798361	-0.15154313740533423	0.003733	0.011353917575479992	0.004886637192706784	0.003751	0.003995905183565461
39	11.0	0.357541	0.366511	0.373916	2.704287	0.443396	AUT	436011.409168	0.035593	0.034949	0.035355	0.070207	0.001616	neutron	pi+	solid	-0.024436960072149502	0.035593	0.03567094819339984	-0.19638393505837465	0.034949	0.03760505226439746	0.01761353377083659	0.035355	0.03541350934532572
40	11.0	0.210029	0.570928	0.37597	2.391593	0.68746	AUT	3155736.052763	0.00626	0.006336	0.006426	0.070207	0.001341	neutron	pi+	solid	-0.05945492144709095	0.00626	0.0076426057836619845	-0.18545793229868535	0.006336	0.014542185749584782	0.014542456700011511	0.006426	0.006643354707540973
41	11.0	0.233192	0.509552	0.423969	2.399282	0.110585	AUT	11034058.753271	0.003624	0.003566	0.003563	0.070207	0.001396	neutron	pi+	solid	-0.01151819866805424	0.003624	0.003966877870844527	-0.04876511317115306	0.003566	0.005136785675311276	0.0001948487233867635	0.003563	0.0038267443258473304
42	11.0	0.336553	0.380269	0.423755	2.638513	0.127248	AUT	1167050.655688	0.015975	0.014166	0.014212	0.070207	0.001592	neutron	pi+	solid	-0.009258474053987891	0.015975	0.016067283578575897	-0.06214261229811921	0.014166	0.014907865325041101	0.0005938763409996382	0.014212	0.014300949143769231
43	11.0	0.201923	0.580798	0.42399	2.342616	0.480726	AUT	10860898.600051	0.003702	0.003663	0.003655	0.070207	0.001336	neutron	pi+	solid	-0.05094984553782941	0.003702	0.005318353613203679	-0.14862889314655736	0.003663	0.011139447034635354	0.0077160353671841654	0.003655	0.003929043296780628
44	11.0	0.338193	0.374775	0.423226	2.613937	0.444474	AUT	775906.088397	0.025467	0.023093	0.023312	0.070207	0.001595	neutron	pi+	solid	-0.030462818290936583	0.025467	0.025606369615399395	-0.18349766775373072	0.023093	0.02649146550747864	0.018949751915578766	0.023312	0.02340434461981993
45	11.0	0.210062	0.55596	0.474113	2.367114	0.175165	AUT	10858901.956089	0.00379	0.003618	0.00361	0.070207	0.001363	neutron	pi+	solid	-0.02177554010679033	0.00379	0.004308025557570932	-0.06286969502508546	0.003618	0.005867720305061392	0.0006602159821251349	0.00361	0.003859017684311598
46	11.0	0.308798	0.402743	0.47434	2.553944	0.143416	AUT	3205545.237761	0.008212	0.007757	0.007742	0.070207	0.001553	neutron	pi+	solid	-0.013193819264654603	0.008212	0.008408732476056198	-0.063848015041977	0.007757	0.009092654170745054	0.0008376034805175728	0.007742	0.007896444206212841
47	11.0	0.210785	0.561894	0.473575	2.344595	0.662182	AUT	4895541.466174	0.005128	0.005649	0.005655	0.070207	0.00136	neutron	pi+	solid	-0.07166219851333838	0.005128	0.007311554991914934	-0.16643463983047058	0.005649	0.013049794859044827	0.018025368360805278	0.005655	0.005952321652888801
48	11.0	0.230567	0.52141	0.524163	2.401461	0.176814	AUT	11117323.198508	0.003851	0.00368	0.003683	0.070207	0.001411	neutron	pi+	solid	-0.02329106283294829	0.003851	0.004415312764489184	-0.0630883567062903	0.00368	0.005928872212179291	0.0009466573342325633	0.003683	0.003944594680528145
49	11.0	0.363174	0.368785	0.52406	2.763622	0.207957	AUT	333620.836122	0.049781	0.03702	0.037661	0.070207	0.00168	neutron	pi+	solid	-0.017099968075309283	0.049781	0.04982380606888291	-0.08044889582436497	0.03702	0.037486044847549575	0.0034916428714931555	0.037661	0.0376992495088007
50	11.0	0.198501	0.587789	0.523739	2.331198	0.687846	AUT	3555369.456667	0.006047	0.006372	0.006425	0.070207	0.001348	neutron	pi+	solid	-0.0829241763934769	0.006047	0.008501608054998343	-0.15090520165710908	0.006372	0.012436441162566668	0.018228194100225397	0.006425	0.006688458785959324
51	11.0	0.227139	0.530736	0.573911	2.39425	0.249393	AUT	10974321.311968	0.003918	0.003721	0.003759	0.070207	0.001416	neutron	pi+	solid	-0.03626410119369767	0.003918	0.00488240352570322	-0.0804138432592652	0.003721	0.006908245961874682	0.002704002920492896	0.003759	0.004021340100038328
52	11.0	0.389334	0.363305	0.568867	2.919591	0.220333	AUT	18114.133806	0.2729	0.188132	0.202119	0.070207	0.00176	neutron	pi+	solid	-0.01773849520688761	0.2729	0.272908516792352	-0.07642732445960418	0.188132	0.1882167317653608	0.004913136965742567	0.202119	0.20212695699055783
53	11.0	0.221621	0.540443	0.623836	2.388025	0.291298	AUT	9056705.568092	0.004228	0.004068	0.004102	0.070207	0.001419	neutron	pi+	solid	-0.04679807860257219	0.004228	0.005539350284439852	-0.08688107369401589	0.004068	0.007467799643409622	0.004365233159625656	0.004102	0.0043513088622373075
54	11.0	0.216471	0.550776	0.673338	2.390442	0.286588	AUT	6697765.222586	0.004937	0.004744	0.00477	0.070207	0.001425	neutron	pi+	solid	-0.05100526659722317	0.004937	0.006263196500440217	-0.08164105625588228	0.004744	0.007575578527130897	0.004395067887166888	0.00477	0.0049878589665192504
55	11.0	0.296689	0.560095	0.324359	3.394152	0.102601	AUT	5043601.093047	0.005538	0.005541	0.00551	0.070207	0.001492	neutron	pi+	solid	-0.006272818215729082	0.005538	0.005752343558522208	-0.052856686520652896	0.005541	0.006833710083469508	0.00015426531651863202	0.00551	0.005708439480264306
56	11.0	0.395048	0.434974	0.324121	3.538635	0.110557	AUT	1556410.108011	0.013314	0.012262	0.012313	0.070207	0.001672	neutron	pi+	solid	-0.004429049086061717	0.013314	0.01342217829033232	-0.05837065282836651	0.012262	0.013036336331834517	0.00032092022238881893	0.012313	0.012426023524805669
57	11.0	0.290089	0.597754	0.323665	3.518924	0.399248	AUT	4994047.854367	0.006133	0.00609	0.006044	0.070207	0.00148	neutron	pi+	solid	-0.02417318306464141	0.006133	0.0065333244150041	-0.16337040844992978	0.00609	0.013070332031262073	0.006453444218689321	0.006044	0.006239039567922895
58	11.0	0.425428	0.410738	0.323846	3.606485	0.45003	AUT	298995.520364	0.043873	0.046391	0.046764	0.070207	0.001736	neutron	pi+	solid	-0.014821549242906315	0.043873	0.043919661024060405	-0.1823566994889206	0.046391	0.04815649628541393	0.017300222588018256	0.046764	0.04681197108870567
59	11.0	0.315053	0.532474	0.374022	3.403607	0.109383	AUT	5028704.248724	0.005771	0.005747	0.005754	0.070207	0.00154	neutron	pi+	solid	-0.007398671112088353	0.005771	0.005995486415475911	-0.051648635494756005	0.005747	0.006967652359581402	0.0002532892791040051	0.005754	0.005956545326254376
60	11.0	0.431279	0.414264	0.373581	3.687113	0.133898	AUT	259833.986195	0.047735	0.038759	0.039022	0.070207	0.001775	neutron	pi+	solid	-0.005274578312918458	0.047735	0.04776942517148452	-0.058342034570820545	0.038759	0.03901522881465303	0.0007366437299030786	0.039022	0.039062383231244356
61	11.0	0.296144	0.59069	0.37406	3.529631	0.451869	AUT	4835104.810871	0.005856	0.005897	0.005859	0.070207	0.001506	neutron	pi+	solid	-0.031233589077844463	0.005856	0.006431890592221744	-0.1608677802691688	0.005897	0.01282957834484228	0.010847912041113433	0.005859	0.0060972084256792165
62	11.0	0.294251	0.57346	0.424025	3.440281	0.170274	AUT	5059381.398171	0.005631	0.005627	0.005612	0.070207	0.001518	neutron	pi+	solid	-0.014307643432597774	0.005631	0.005917896473026356	-0.06747332991651234	0.005627	0.007510497327465509	0.0009135451079671904	0.005612	0.0058140331602338875
63	11.0	0.401706	0.429273	0.424319	3.553056	0.157704	AUT	1028040.527901	0.01856	0.016411	0.016439	0.070207	0.00173	neutron	pi+	solid	-0.008442007337003602	0.01856	0.01864987343324725	-0.06495923907887977	0.016411	0.017120538316006947	0.0012916782735144699	0.016439	0.016530028576599836
64	11.0	0.296041	0.582938	0.423554	3.495087	0.621104	AUT	1957726.847171	0.010184	0.010441	0.010429	0.070207	0.00152	neutron	pi+	solid	-0.04669674858500427	0.010184	0.010806128623931668	-0.17277451668609695	0.010441	0.016076731874361	0.024410690790242207	0.010429	0.010677619403688401
65	11.0	0.301142	0.565754	0.474003	3.455197	0.211944	AUT	5092005.738075	0.005715	0.005708	0.005698	0.070207	0.001544	neutron	pi+	solid	-0.019633700674153785	0.005715	0.006078257281683677	-0.07598870994644333	0.005708	0.007964093041046635	0.0020411102488239376	0.005698	0.005905224378050914
66	11.0	0.422266	0.415253	0.474157	3.618182	0.196714	AUT	395403.076227	0.040106	0.031935	0.032301	0.070207	0.0018	neutron	pi+	solid	-0.010772825621707383	0.040106	0.04015349633211644	-0.07001878943245184	0.031935	0.03236123305123151	0.002933186425800082	0.032301	0.03235176978551963
67	11.0	0.307705	0.557603	0.52398	3.463043	0.279618	AUT	4956737.130044	0.005916	0.005914	0.005882	0.070207	0.001573	neutron	pi+	solid	-0.028059194671590883	0.005916	0.006430714999961553	-0.09099005913519502	0.005914	0.008846357777481204	0.005203463283474768	0.005882	0.0060996484629224695
68	11.0	0.467655	0.407864	0.523964	3.937235	0.244174	AUT	5075.136146	0.582889	0.410696	0.422541	0.070207	0.001954	neutron	pi+	solid	-0.011643761231548077	0.582889	0.5828928483863878	-0.06926254532809127	0.410696	0.4107294347063855	0.006471348870645824	0.422541	0.4225457622747797
69	11.0	0.307043	0.558786	0.573955	3.465197	0.284717	AUT	3883168.324305	0.006713	0.006728	0.006721	0.070207	0.00159	neutron	pi+	solid	-0.031850392112478094	0.006713	0.007252082721314301	-0.08685569502769308	0.006728	0.00921836197107095	0.006079364404817862	0.006721	0.006919690104088499
70	11.0	0.302622	0.564703	0.62384	3.463238	0.286711	AUT	2976442.962345	0.007758	0.00777	0.007756	0.070207	0.001602	neutron	pi+	solid	-0.03602990881620365	0.007758	0.008315744124891496	-0.08309764061166691	0.00777	0.009847602788715179	0.006710961421426656	0.007756	0.007933720969244046
71	11.0	0.295988	0.574937	0.673385	3.465358	0.292143	AUT	2142368.118784	0.009163	0.009171	0.009195	0.070207	0.001611	neutron	pi+	solid	-0.04120826744507801	0.009163	0.009742995879953226	-0.08117261037085088	0.009171	0.010916952754505252	0.007504666527680911	0.009195	0.009349917040483113
72	11.0	0.344317	0.626509	0.32353	4.441513	0.124269	AUT	2991323.44526	0.0078	0.0077	0.007712	0.070207	0.00158	neutron	pi+	solid	-0.006181316550633256	0.0078	0.007970240362037423	-0.05366138662921058	0.0077	0.00871663583133399	0.00029136228133397275	0.007712	0.007872214582600255
73	11.0	0.427632	0.52257	0.323897	4.590366	0.116787	AUT	1009491.077699	0.014491	0.014605	0.014468	0.070207	0.001746	neutron	pi+	solid	-0.003883771214103845	0.014491	0.014598354181128316	-0.051075919220026376	0.014605	0.015139786227419297	0.00035945008423285516	0.014468	0.014572994779771852
74	11.0	0.336586	0.636988	0.324179	4.416754	0.287066	AUT	3038390.511846	0.011973	0.009733	0.009714	0.070207	0.001566	neutron	pi+	solid	-0.014600492451741966	0.011973	0.01211840857493343	-0.11331268596239788	0.009733	0.012667720358259018	0.0030728475250339973	0.009714	0.009841783058241224
75	11.0	0.416191	0.556065	0.324509	4.758793	0.286604	AUT	705753.78531	0.023646	0.020791	0.020774	0.070207	0.001722	neutron	pi+	solid	-0.010007002188132715	0.023646	0.023719025966626013	-0.11340568500799145	0.020791	0.02232985413099166	0.004444690340540354	0.020774	0.02084758341362799
76	11.0	0.357922	0.610922	0.324348	4.469789	0.553594	AUT	2501037.417428	0.008926	0.009179	0.009139	0.070207	0.001605	neutron	pi+	solid	-0.024611214110662062	0.008926	0.009232284040141665	-0.17392308751185634	0.009179	0.015359989028216517	0.0175158148158196	0.009139	0.009359999400955896
77	11.0	0.325416	0.643161	0.37379	4.316139	0.221449	AUT	2963275.530132	0.008436	0.007997	0.008002	0.070207	0.001565	neutron	pi+	solid	-0.014076066452351559	0.008436	0.00863666232581405	-0.08107366405026814	0.007997	0.009939788756738342	0.0016772471460251893	0.008002	0.008154452472116377
78	11.0	0.392315	0.576783	0.374027	4.640236	0.19729	AUT	2965690.188392	0.008827	0.008571	0.008506	0.070207	0.001695	neutron	pi+	solid	-0.009346503223722222	0.008827	0.009012188372025956	-0.07472566908826375	0.008571	0.01019109233455821	0.0017052462918024506	0.008506	0.008674064441345322
79	11.0	0.499936	0.451602	0.374276	4.660445	0.191313	AUT	29393.213933	0.137959	0.118288	0.118601	0.070207	0.001967	neutron	pi+	solid	-0.004893793236644528	0.137959	0.13797344967860434	-0.06254973457903236	0.118288	0.11838582974138222	0.0021051758221054366	0.118601	0.11861740232475225
80	11.0	0.354718	0.615739	0.374407	4.472091	0.567198	AUT	2125525.519056	0.011484	0.0108	0.010669	0.070207	0.00162	neutron	pi+	solid	-0.029913361383487578	0.011484	0.011786313712919463	-0.15960979153045932	0.0108	0.01564712959531437	0.021401790057002264	0.010669	0.010895395080218336
81	11.0	0.334791	0.636413	0.423872	4.391417	0.22599	AUT	2982819.158277	0.008418	0.008058	0.008052	0.070207	0.001599	neutron	pi+	solid	-0.016015306602722684	0.008418	0.008641977221400263	-0.0746396980905051	0.008058	0.00974413505382675	0.0021682919691779026	0.008052	0.008210644234890941
82	11.0	0.410398	0.55153	0.42386	4.643738	0.197598	AUT	1566211.157784	0.012027	0.011909	0.011833	0.070207	0.001757	neutron	pi+	solid	-0.0099499386262468	0.012027	0.012174717966533159	-0.0673197569219183	0.011909	0.012932494480336539	0.0021527837989419713	0.011833	0.011963685947414955
83	11.0	0.352277	0.619729	0.424436	4.476607	0.57473	AUT	1820051.93683	0.015017	0.012971	0.01295	0.070207	0.001633	neutron	pi+	solid	-0.03497387376318818	0.015017	0.015303791032852102	-0.14738841138918557	0.012971	0.016672983776312565	0.02487937147870747	0.01295	0.013168909255026992
84	11.0	0.350159	0.620496	0.473891	4.465413	0.224861	AUT	2997635.903436	0.0084	0.008148	0.008167	0.070207	0.001647	neutron	pi+	solid	-0.017036106218137722	0.0084	0.008643098631500652	-0.06852280691595401	0.008148	0.00960448457716644	0.0026557341028495577	0.008167	0.008333502386253938
85	11.0	0.448056	0.495709	0.474018	4.571589	0.20538	AUT	407066.872721	0.024905	0.024945	0.024743	0.070207	0.001875	neutron	pi+	solid	-0.00968314929219193	0.024905	0.02498473157437315	-0.06194143650686749	0.024945	0.025390550147601477	0.0031406507661936377	0.024743	0.024814920760295765
86	11.0	0.350552	0.622438	0.474398	4.477456	0.580155	AUT	1553803.455669	0.019249	0.015685	0.015652	0.070207	0.001648	neutron	pi+	solid	-0.03992053935471089	0.019249	0.019521655657585072	-0.13772579169856025	0.015685	0.01849948039678885	0.028305205538586193	0.015652	0.015863482136601506
87	11.0	0.34771	0.623627	0.523976	4.458603	0.29709	AUT	2976272.432061	0.009051	0.008555	0.008525	0.070207	0.001663	neutron	pi+	solid	-0.025279928361250543	0.009051	0.009372096039986729	-0.08094962262555887	0.008555	0.01040445572830922	0.006367956105532871	0.008525	0.00869718748446556
88	11.0	0.442939	0.504959	0.523963	4.602261	0.254729	AUT	433553.366616	0.023882	0.024041	0.023967	0.070207	0.00189	neutron	pi+	solid	-0.013884280053393774	0.023882	0.0239764928141746	-0.06982384224533032	0.024041	0.02460838446407342	0.006372175040115271	0.023967	0.024045567784392978
89	11.0	0.35557	0.614089	0.573967	4.474614	0.360999	AUT	2973698.043465	0.009243	0.008736	0.008731	0.070207	0.001703	neutron	pi+	solid	-0.032649549248582106	0.009243	0.009674066475885819	-0.09058675214988002	0.008736	0.01093916211083243	0.01247524542473149	0.008731	0.008938550354723594
90	11.0	0.478612	0.461785	0.570688	4.561245	0.243092	AUT	46537.179293	0.095935	0.087949	0.087716	0.070207	0.002031	neutron	pi+	solid	-0.012105745821791808	0.095935	0.0959602601589491	-0.05916579081284419	0.087949	0.08807046073486029	0.006767529115776001	0.087716	0.08774079646058133
91	11.0	0.354433	0.615697	0.623762	4.473411	0.368337	AUT	2289754.158313	0.010665	0.010086	0.010057	0.070207	0.001726	neutron	pi+	solid	-0.03702819383901303	0.010665	0.011112129446510244	-0.08828326741112541	0.010086	0.011963400737286595	0.014576484433848017	0.010057	0.010255223727460908
92	11.0	0.350251	0.62125	0.673373	4.468609	0.366325	AUT	1631857.64898	0.012664	0.012022	0.011983	0.070207	0.001744	neutron	pi+	solid	-0.04128802046416832	0.012664	0.013108048686778263	-0.0852962914385534	0.012022	0.013543666986164517	0.015672757594724675	0.011983	0.012159135131955828
93	11.0	0.426145	0.615304	0.323608	5.393203	0.121873	AUT	2002624.313967	0.010589	0.010444	0.010437	0.070207	0.001746	neutron	pi+	solid	-0.0040444732310791764	0.010589	0.010735737738558966	-0.045455517769866935	0.010444	0.011059386022674778	0.00034471617477370675	0.010437	0.01058206363201643
94	11.0	0.512264	0.529783	0.323532	5.595031	0.125115	AUT	482266.886736	0.023588	0.023888	0.023642	0.070207	0.001974	neutron	pi+	solid	-0.00241705046677131	0.023588	0.023671062840667747	-0.04050075488090033	0.023888	0.024137488500623312	0.00045543737805906967	0.023642	0.023724288448628308
95	11.0	0.431472	0.610164	0.324189	5.403875	0.288126	AUT	2017742.944053	0.017292	0.014109	0.014158	0.070207	0.001759	neutron	pi+	solid	-0.009184160041535338	0.017292	0.01739319125810832	-0.09896255693225794	0.014109	0.01582500487904008	0.004168614690556618	0.014158	0.014269852779461587
96	11.0	0.532266	0.512686	0.324378	5.630291	0.285856	AUT	265699.29368	0.033138	0.037915	0.037519	0.070207	0.00204	neutron	pi+	solid	-0.004719795937959656	0.033138	0.03320238613786429	-0.08067831629505307	0.037915	0.038389995949255025	0.004963514727117342	0.037519	0.03757603484623119
97	11.0	0.440503	0.601421	0.324338	5.425339	0.546032	AUT	1408972.285051	0.013203	0.014305	0.014281	0.070207	0.001781	neutron	pi+	solid	-0.015876135156741192	0.013203	0.013369126315070501	-0.14588179098007342	0.014305	0.017683381200324345	0.020701779985116568	0.014281	0.014464830529345982
98	11.0	0.40879	0.634442	0.373875	5.345098	0.208951	AUT	2018183.445488	0.011708	0.010961	0.010915	0.070207	0.001733	neutron	pi+	solid	-0.0090433017918513	0.011708	0.011852580096008437	-0.06748492818950612	0.010961	0.012066260498603534	0.001850128499884386	0.010915	0.011052483246957848
99	11.0	0.485369	0.554442	0.373873	5.536919	0.208657	AUT	1646221.463461	0.01299	0.012948	0.01282	0.070207	0.001929	neutron	pi+	solid	-0.0058006212677537	0.01299	0.013138759030158103	-0.062251410278232326	0.012948	0.01380119132718851	0.0023359104589256623	0.01282	0.012965351368286204
100	11.0	0.439542	0.602544	0.374335	5.424067	0.552093	AUT	1202285.329997	0.016958	0.016877	0.016862	0.070207	0.001807	neutron	pi+	solid	-0.0190407828014538	0.016958	0.017106315710354165	-0.13382209583877	0.016877	0.019400233523713256	0.02509471808719782	0.016862	0.01704981876391163
101	11.0	0.42006	0.622067	0.423883	5.378199	0.213641	AUT	1971288.552696	0.011698	0.011159	0.011116	0.070207	0.001783	neutron	pi+	solid	-0.010156576523963172	0.011698	0.011854566694364384	-0.06181979554502512	0.011159	0.012105352251886987	0.002396997151887337	0.011116	0.011259345681288157
102	11.0	0.503032	0.537379	0.423811	5.569459	0.219904	AUT	777197.181292	0.019121	0.019459	0.019249	0.070207	0.002017	neutron	pi+	solid	-0.00636787947762385	0.019121	0.019232285390187256	-0.05640103830184346	0.019459	0.019959974243882003	0.003238037465233623	0.019249	0.019355721899369963
103	11.0	0.438923	0.603268	0.42432	5.423876	0.555837	AUT	1019287.000591	0.022004	0.020191	0.020173	0.070207	0.001832	neutron	pi+	solid	-0.022143461265846286	0.022004	0.022134793921641128	-0.1236315456952852	0.020191	0.02205383485475998	0.029277354261403484	0.020173	0.02036003760658403
104	11.0	0.439182	0.601903	0.473768	5.420031	0.221255	AUT	2003984.288983	0.011562	0.011278	0.011252	0.070207	0.001858	neutron	pi+	solid	-0.010863009368957373	0.011562	0.011735146237094568	-0.05737101024914302	0.011278	0.012118951916769755	0.003227585748724457	0.011252	0.011406621548813592
105	11.0	0.54855	0.504877	0.473724	5.71647	0.247764	AUT	77685.803611	0.069574	0.070982	0.070131	0.070207	0.002227	neutron	pi+	solid	-0.005940967469412282	0.069574	0.06961088259264575	-0.049150998439702304	0.070982	0.07110071369663742	0.005246667237224759	0.070131	0.07016731699132263
106	11.0	0.43731	0.605092	0.474244	5.42256	0.557321	AUT	851077.201182	0.027413	0.023648	0.023791	0.070207	0.001854	neutron	pi+	solid	-0.025356704464283775	0.027413	0.027533235582886784	-0.11538751173373729	0.023648	0.025065745546663888	0.03313485509345564	0.023791	0.02397625206270775
107	11.0	0.439452	0.601735	0.52393	5.420395	0.289279	AUT	2001533.063212	0.012194	0.011715	0.011614	0.070207	0.001889	neutron	pi+	solid	-0.01588926996172471	0.012194	0.0123897692462915	-0.06731878103506604	0.011715	0.012772900291236457	0.007668844756510197	0.011614	0.011778930284601445
108	11.0	0.552693	0.505078	0.522114	5.762076	0.266339	AUT	39742.076584	0.101447	0.103154	0.101964	0.070207	0.002293	neutron	pi+	solid	-0.007034405736800866	0.101447	0.1014741127587112	-0.04755423747041604	0.103154	0.10323348334909183	0.007166906870829119	0.101964	0.10199102079134596
109	11.0	0.436169	0.606101	0.573658	5.421438	0.333652	AUT	1679212.880493	0.013595	0.012992	0.012968	0.070207	0.001912	neutron	pi+	solid	-0.020727699632457075	0.013595	0.013805703973802964	-0.07168989139524269	0.012992	0.014063435846011404	0.012416546191266841	0.012968	0.01313714879664808
110	11.0	0.429938	0.613064	0.623361	5.413312	0.330691	AUT	1175547.154661	0.016449	0.015702	0.015608	0.070207	0.001929	neutron	pi+	solid	-0.023706153376104093	0.016449	0.01664513931088943	-0.06838194555796008	0.015702	0.016532465085748457	0.013263593210338941	0.015608	0.015754295700464205
111	11.0	0.420828	0.624005	0.672459	5.402511	0.317593	AUT	720710.748347	0.020653	0.019877	0.019815	0.070207	0.001939	neutron	pi+	solid	-0.026494976256349518	0.020653	0.020827055097308048	-0.06433578787258042	0.019877	0.02047575485627804	0.01283506740767684	0.019815	0.01993002629388852
112	11.0	0.510414	0.62072	0.323999	6.518507	0.1992	AUT	2011003.926975	0.013125	0.012412	0.01239	0.070207	0.001974	neutron	pi+	solid	-0.0038509031736600205	0.013125	0.013275368007094184	-0.05349338233665057	0.012412	0.01311712718828809	0.0014981996300761093	0.01239	0.012546706328562621
113	11.0	0.59951	0.584715	0.323832	7.237594	0.203365	AUT	291485.965507	0.036988	0.037061	0.036788	0.070207	0.002312	neutron	pi+	solid	-0.0018630643839463857	0.036988	0.03706041819356833	-0.03785065034576083	0.037061	0.03722801010932707	0.0014935574645038316	0.036788	0.03686072819736178
114	11.0	0.516992	0.619281	0.324438	6.583482	0.534565	AUT	642432.935663	0.023459	0.025719	0.025612	0.070207	0.001996	neutron	pi+	solid	-0.009411063721854124	0.023459	0.0235530306179275	-0.10607380053365825	0.025719	0.026849778819478448	0.019542689009388717	0.025612	0.025726271321545004
115	11.0	0.514122	0.618659	0.373822	6.542031	0.257957	AUT	1998841.962587	0.013614	0.012893	0.012797	0.070207	0.002024	neutron	pi+	solid	-0.005815308763497619	0.013614	0.013769686299543657	-0.059414761773894605	0.012893	0.013701315161499427	0.0037407971158373234	0.012797	0.012958732947015723
116	11.0	0.60742	0.58797	0.37393	7.373273	0.261567	AUT	176096.201418	0.049873	0.050313	0.049741	0.070207	0.002411	neutron	pi+	solid	-0.002694315326426269	0.049873	0.049931601530778774	-0.03999762717017901	0.050313	0.050448948362949636	0.0035462259233797365	0.049741	0.049800019959863884
117	11.0	0.520158	0.617463	0.423852	6.604339	0.29453	AUT	1776599.330717	0.014557	0.013934	0.013821	0.070207	0.002084	neutron	pi+	solid	-0.007431796404094779	0.014557	0.014714671005751476	-0.058573894780825815	0.013934	0.0146768662240957	0.00625033626906137	0.013821	0.013984121626833414
118	11.0	0.519063	0.617943	0.473793	6.596047	0.304507	AUT	1362443.331909	0.01681	0.016102	0.016011	0.070207	0.002119	neutron	pi+	solid	-0.00891715717491492	0.01681	0.016954592170356882	-0.05517547865438025	0.016102	0.016696411414106275	0.00778184414633987	0.016011	0.016159850535239433
119	11.0	0.516468	0.620326	0.523602	6.589411	0.307509	AUT	1019892.09637	0.019633	0.018739	0.018714	0.070207	0.002151	neutron	pi+	solid	-0.010459139589174883	0.019633	0.01976412643044454	-0.051819088381624946	0.018739	0.019209696053964196	0.008967046952803022	0.018714	0.01884773008957325
120	11.0	0.510597	0.625105	0.573222	6.568345	0.303347	AUT	710650.804816	0.023599	0.022625	0.02246	0.070207	0.002175	neutron	pi+	solid	-0.012171996357224754	0.023599	0.02371441961507142	-0.04885664640308055	0.022625	0.022986663286000394	0.009618458402103588	0.02246	0.022575168488349097
121	8.8	0.132601	0.589065	0.323659	1.258888	0.211456	AUT	19338501.968609	0.002453	0.002357	0.00236	0.070207	0.001799	neutron	pi+	solid	-0.020621649420740167	0.002453	0.0033689299367290434	-0.07735607303647518	0.002357	0.006187643784280219	0.00028518699054195043	0.00236	0.0029675582362291104
122	8.8	0.212753	0.450699	0.323722	1.572734	0.168194	AUT	9533074.54622	0.003644	0.003778	0.003775	0.070207	0.002017	neutron	pi+	solid	-0.014036148628072485	0.003644	0.004279965991320197	-0.09572382557958371	0.003778	0.007969094031247544	0.0004436832606440462	0.003775	0.004280173396252011
123	8.8	0.148753	0.58566	0.325718	1.37054	0.483385	AUT	11282335.553212	0.003028	0.003031	0.003028	0.070207	0.001839	neutron	pi+	solid	-0.04470978530548229	0.003028	0.004733249272604837	-0.15345114259911255	0.003031	0.011341685539695603	0.0031990007411510026	0.003028	0.0035498093859430545
124	8.8	0.151987	0.550824	0.373849	1.332599	0.177418	AUT	19471269.018668	0.002604	0.002456	0.002474	0.070207	0.001861	neutron	pi+	solid	-0.01983919199784081	0.002604	0.003490582837804698	-0.06814242995511581	0.002456	0.005690574325479061	0.00028752070406267376	0.002474	0.0030958689367003548
125	8.8	0.254886	0.4163	0.373456	1.749312	0.125333	AUT	1500739.180481	0.010335	0.010028	0.00999	0.070207	0.002154	neutron	pi+	solid	-0.010884252429773634	0.010335	0.010584699679637054	-0.0690866970111616	0.010028	0.011345773952719707	0.00031613378973333885	0.00999	0.01021960413173465
126	8.8	0.15224	0.570594	0.375093	1.361553	0.507285	AUT	12699721.575731	0.002889	0.002969	0.002955	0.070207	0.001859	neutron	pi+	solid	-0.05379217290392383	0.002889	0.005105370897004379	-0.14909202905024715	0.002969	0.011037902734536961	0.004530692027583898	0.002955	0.0035055791092459617
127	8.8	0.139612	0.574111	0.423892	1.284982	0.289281	AUT	19277082.352409	0.002417	0.002375	0.00237	0.070207	0.001837	neutron	pi+	solid	-0.03696373011826279	0.002417	0.003993878742378351	-0.08723470596433637	0.002375	0.006820889607172574	0.0010739658555898796	0.00237	0.0029995256538426496
128	8.8	0.225417	0.441031	0.424043	1.633503	0.241404	AUT	5609533.37772	0.005014	0.005177	0.005171	0.070207	0.002085	neutron	pi+	solid	-0.026017768367884945	0.005014	0.005729223001248708	-0.10978467702622262	0.005177	0.009516116119160476	0.0019287534853541608	0.005171	0.005577167955929439
129	8.8	0.15952	0.539304	0.473741	1.36055	0.269982	AUT	18827320.439811	0.002562	0.002502	0.002515	0.070207	0.001898	neutron	pi+	solid	-0.03762487618924282	0.002562	0.004140522559309736	-0.08560408628146608	0.002502	0.006781045726766851	0.001380953520262419	0.002515	0.0031523053163332753
130	8.8	0.295785	0.39466	0.472847	1.927454	0.201049	AUT	68088.411944	0.079071	0.065643	0.065406	0.070207	0.002304	neutron	pi+	solid	-0.019502634799003243	0.079071	0.07911640932489888	-0.08952386486008229	0.065643	0.0659834496592313	0.0021074972706736747	0.065406	0.06544673517048454
131	8.8	0.154766	0.554079	0.523932	1.356285	0.344145	AUT	17801871.127115	0.002569	0.002522	0.002555	0.070207	0.001894	neutron	pi+	solid	-0.05246629455428075	0.002569	0.004873928360310448	-0.09381576177408059	0.002522	0.007302739738701772	0.002728021032938047	0.002555	0.003186211429709835
132	8.8	0.153575	0.558166	0.573928	1.357717	0.342649	AUT	13820314.993936	0.002958	0.002897	0.002898	0.070207	0.001901	neutron	pi+	solid	-0.057310142638942546	0.002958	0.005343473230870882	-0.08736749672193703	0.002897	0.007044858634649528	0.0029356650031949556	0.002898	0.0034719855925407824
133	8.8	0.150375	0.56561	0.623529	1.350068	0.337759	AUT	10463117.952219	0.003396	0.003308	0.003323	0.070207	0.001904	neutron	pi+	solid	-0.06184141358698675	0.003396	0.005831671455436281	-0.08100879597133374	0.003308	0.006849410404678625	0.0029780335910657547	0.003323	0.003835525902196361
134	8.8	0.145242	0.581818	0.673121	1.34989	0.327005	AUT	7173243.444754	0.004237	0.004069	0.004089	0.070207	0.001903	neutron	pi+	solid	-0.06546012059763466	0.004237	0.006534108654382825	-0.07338773814395327	0.004069	0.006835547135442645	0.0027618814689179118	0.004089	0.004514302663014195
135	8.8	0.282168	0.517485	0.324096	2.390352	0.251188	AUT	5864461.960869	0.005056	0.005191	0.005166	0.070207	0.002207	neutron	pi+	solid	-0.016353249163346868	0.005056	0.005634904387799329	-0.13057319224666203	0.005191	0.010763549961436263	0.0020573066341567276	0.005166	0.005619543321426722
136	8.8	0.282427	0.516842	0.374249	2.389486	0.26412	AUT	4760776.903716	0.005673	0.005766	0.005756	0.070207	0.00223	neutron	pi+	solid	-0.02025412000163076	0.005673	0.006259221914324772	-0.12204555416566223	0.005766	0.010565889904255539	0.002831439225717605	0.005756	0.00617607903229969
137	8.8	0.281174	0.518347	0.424074	2.385593	0.270885	AUT	3835361.807699	0.006336	0.006437	0.006419	0.070207	0.002246	neutron	pi+	solid	-0.023954734715205706	0.006336	0.00692948986624707	-0.11236764275826003	0.006437	0.010426683490495527	0.0034761028941674363	0.006419	0.006804971404720289
138	8.8	0.279743	0.520871	0.474115	2.386075	0.265048	AUT	3009465.184118	0.007229	0.007293	0.007268	0.070207	0.002261	neutron	pi+	solid	-0.02662142113754001	0.007229	0.007801522979873797	-0.10024790099674133	0.007293	0.01038435762760858	0.0036656556707923135	0.007268	0.007615915994499317
139	8.8	0.377148	0.552928	0.324069	3.431023	0.273742	AUT	4364619.26518	0.006705	0.006868	0.006823	0.070207	0.002475	neutron	pi+	solid	-0.011828481409098715	0.006705	0.007195295979878441	-0.11907629890732238	0.006868	0.011098850259139731	0.0035898958444448865	0.006823	0.007262401534845658
140	8.8	0.376287	0.553798	0.373958	3.428512	0.285751	AUT	3401328.124892	0.007792	0.007924	0.007915	0.070207	0.002504	neutron	pi+	solid	-0.0146859190230743	0.007792	0.008249142561763687	-0.11049566192298799	0.007924	0.011368362582470861	0.004804436372252201	0.007915	0.00830849057930867
141	8.8	0.375892	0.553938	0.423957	3.425881	0.294431	AUT	2708180.166124	0.008986	0.009095	0.009035	0.070207	0.002532	neutron	pi+	solid	-0.017512443785396434	0.008986	0.009416521691173642	-0.10229497043259288	0.009095	0.011862066870813119	0.0060232923137065715	0.009035	0.009392607422695447
142	8.8	0.375918	0.554044	0.473881	3.427139	0.297452	AUT	2067671.995754	0.010445	0.010457	0.010378	0.070207	0.00256	neutron	pi+	solid	-0.02008396172076612	0.010445	0.010846189324214207	-0.09417536794985171	0.010457	0.012633999853383976	0.0070222862016089994	0.010378	0.01070044608679842
143	8.8	0.374043	0.555865	0.523665	3.421763	0.293693	AUT	1573862.518702	0.012189	0.012017	0.011964	0.070207	0.002585	neutron	pi+	solid	-0.022489635045791594	0.012189	0.0125597358784935	-0.08630677568372921	0.012017	0.013704237038852098	0.007551383674722137	0.011964	0.012251554620490752
144	8.8	0.462592	0.568935	0.323961	4.342591	0.268672	AUT	1001894.601464	0.015427	0.01635	0.016219	0.070207	0.002764	neutron	pi+	solid	-0.007246961880776294	0.015427	0.015680908445370432	-0.09094841805100266	0.01635	0.017768882184342957	0.0038112752069115133	0.016219	0.016455006991559943
0	11.0	0.153095	0.516554	0.323852	1.565852	0.111605	AUT	18986910.693584	0.002271	0.00209	0.002096	0.070207	0.001008	neutron	pi-	solid	-0.0016102278343610244	0.002271	0.0024872243840162946	0.041344165104519416	0.00209	0.003716118924159549	-4.361347395880127e-05	0.002096	0.0023257879042740386
1	11.0	0.278347	0.324223	0.324397	1.86146	0.098633	AUT	524946.43294	0.019998	0.016355	0.016434	0.070207	0.001082	neutron	pi-	solid	-8.429625373863418e-05	0.019998	0.0200272505108649	0.056285591548587005	0.016355	0.016860374481372568	-0.00010552780349453827	0.016434	0.0164695821103687
2	11.0	0.104873	0.659004	0.323231	1.399202	0.300661	AUT	19837336.624054	0.002877	0.002361	0.002383	0.070207	0.000993	neutron	pi-	solid	-0.006146297183358791	0.002877	0.0030739846362161745	0.05924779673308008	0.002361	0.004884948914250848	-0.00027032812706661224	0.002383	0.002581685147275539
3	11.0	0.212225	0.401404	0.319117	1.721749	0.361383	AUT	1775401.396491	0.006621	0.011223	0.011381	0.070207	0.001041	neutron	pi-	solid	-0.002511387888827093	0.006621	0.006704655821728873	0.1610249137395397	0.011223	0.015963839013670596	-0.0025299412719305718	0.011381	0.01142989023209072
4	11.0	0.096064	0.688271	0.323505	1.335788	0.490592	AUT	19305567.841806	0.001951	0.001931	0.001935	0.070207	0.000991	neutron	pi-	solid	-0.010079161052036266	0.001951	0.0022998301905073795	0.07016109405568081	0.001931	0.005382782454642334	-0.0007131128076671804	0.001935	0.0021745833061486666
5	11.0	0.182561	0.468475	0.324744	1.715391	0.475258	AUT	6546450.227554	0.003339	0.003929	0.003922	0.070207	0.001022	neutron	pi-	solid	-0.004815116381833343	0.003339	0.0035082311923625062	0.16339991071447998	0.003929	0.012168981981938892	-0.003574767120424968	0.003922	0.0040607334048980955
6	11.0	0.102453	0.695341	0.326848	1.402648	0.669028	AUT	6246708.531735	0.003322	0.003841	0.003868	0.070207	0.000994	neutron	pi-	solid	-0.012889343387489975	0.003322	0.003583657916646833	0.07808146668373372	0.003841	0.0067669909638673875	-0.0014726792932360107	0.003868	0.003995015642944697
7	11.0	0.107805	0.631883	0.3734	1.385831	0.249664	AUT	18077151.977655	0.003934	0.00292	0.002938	0.070207	0.000983	neutron	pi-	solid	-0.004563955372903205	0.003934	0.004067593270138124	0.048444464720445245	0.00292	0.004589166148255223	-0.0002093298360037639	0.002938	0.0030981202340701415
8	11.0	0.185659	0.46154	0.373917	1.720855	0.125287	AUT	10662788.395519	0.002751	0.002658	0.002664	0.070207	0.00101	neutron	pi-	solid	-0.0008633428074709517	0.002751	0.002931172956416898	0.048803004756583314	0.002658	0.00445249163100581	-0.00010927801623198613	0.002664	0.0028490445522731636
9	11.0	0.094295	0.694014	0.373883	1.325681	0.556656	AUT	18634877.317781	0.0019	0.001943	0.00195	0.070207	0.000983	neutron	pi-	solid	-0.01043911923770099	0.0019	0.002261289522004357	0.06395210574018367	0.001943	0.004990051071148343	-0.0010096475281787373	0.00195	0.0021849058532098066
10	11.0	0.180226	0.471287	0.373688	1.6976	0.529391	AUT	7172853.679403	0.00313	0.003667	0.003681	0.070207	0.001008	neutron	pi-	solid	-0.003809290170759756	0.00313	0.0032991646716216015	0.15262441894143577	0.003667	0.011370165451490636	-0.005012181448853422	0.003681	0.003832708145558264
11	11.0	0.128767	0.579629	0.423732	1.490129	0.217083	AUT	19130773.492386	0.002706	0.002278	0.002287	0.070207	0.000981	neutron	pi-	solid	-0.0027743713249080257	0.002706	0.00288491531252489	0.04832872075236384	0.002278	0.004202879058775823	-0.0002510766618698439	0.002287	0.002488582070795992
12	11.0	0.235502	0.373113	0.4243	1.798	0.103056	AUT	2358480.778809	0.005836	0.005713	0.005709	0.070207	0.001023	neutron	pi-	solid	0.0003792817394814383	0.005836	0.005925042958730102	0.042965147668093596	0.005713	0.006540939800376156	-0.00011362318949082988	0.005709	0.00579993738197359
13	11.0	0.117098	0.632195	0.423686	1.422288	0.575482	AUT	18919657.683437	0.001883	0.001881	0.00188	0.070207	0.000982	neutron	pi-	solid	-0.00777634615738407	0.001883	0.0021927331572225684	0.0821364930113152	0.001881	0.0061445636071395925	-0.0021823097042382045	0.00188	0.002126546108428655
14	11.0	0.288502	0.318723	0.421338	1.897593	0.511421	AUT	93494.687856	0.053123	0.073102	0.073585	0.070207	0.001052	neutron	pi-	solid	0.0036069347700544347	0.053123	0.05313401885309423	0.18155882577354007	0.073102	0.0742124482897205	-0.013086807951875917	0.073585	0.07359825470649804
15	11.0	0.118946	0.606656	0.47361	1.445026	0.319515	AUT	19333097.387695	0.002584	0.002207	0.002215	0.070207	0.000972	neutron	pi-	solid	-0.003579994538922384	0.002584	0.0027721854439612787	0.05443652339056164	0.002207	0.004519068412062448	-0.0006500703468423392	0.002215	0.002419316424724481
16	11.0	0.218383	0.397642	0.473482	1.767618	0.189885	AUT	3986848.661058	0.004301	0.004281	0.004266	0.070207	0.001001	neutron	pi-	solid	0.0012099430295066948	0.004301	0.004416765547639106	0.06638708105178108	0.004281	0.006407212419792101	-0.000641210883497786	0.004266	0.004382098079074769
17	11.0	0.112788	0.646997	0.474652	1.415435	0.74001	AUT	8624715.426018	0.002844	0.00281	0.002811	0.070207	0.000974	neutron	pi-	solid	-0.00783168230368539	0.002844	0.003056032532122532	0.07571930479044854	0.00281	0.00609137917561583	-0.003180443690373385	0.002811	0.0029833295427582397
18	11.0	0.116918	0.613519	0.523911	1.432661	0.410884	AUT	18535177.844709	0.002248	0.002053	0.002063	0.070207	0.000964	neutron	pi-	solid	-0.0029085401611055692	0.002248	0.0024544851986965967	0.058988408926054725	0.002053	0.004721789125398988	-0.0012747024118477048	0.002063	0.002278875600557755
19	11.0	0.214849	0.403234	0.523548	1.765429	0.238963	AUT	3570485.28388	0.004452	0.004453	0.004452	0.070207	0.000985	neutron	pi-	solid	0.0028446151040699124	0.004452	0.00456403482020574	0.07392548612605696	0.004453	0.006909155734365302	-0.0012868654692212785	0.004452	0.004560558252440549
20	11.0	0.128719	0.588191	0.573738	1.473739	0.437228	AUT	18025055.808078	0.002116	0.001997	0.002003	0.070207	0.000956	neutron	pi-	solid	0.0008251217747806187	0.002116	0.0023226596407201613	0.06501864944443679	0.001997	0.005073363609209912	-0.0020111211508806277	0.002003	0.0022239336695694684
21	11.0	0.277339	0.324793	0.573384	1.858187	0.183465	AUT	220012.630921	0.031098	0.024551	0.024456	0.070207	0.000989	neutron	pi-	solid	0.004686337692425761	0.031098	0.031115461992739443	0.06063283805710484	0.024551	0.024936930264978507	-0.001039223699556697	0.024456	0.024476098142374867
22	11.0	0.127669	0.591575	0.623677	1.468274	0.473285	AUT	14255544.904257	0.002345	0.00222	0.002217	0.070207	0.000944	neutron	pi-	solid	0.004799622214016011	0.002345	0.0025502368146572718	0.06415298599911627	0.00222	0.0051093492836164454	-0.0024983014983598127	0.002217	0.0024159862473240733
23	11.0	0.124659	0.598998	0.673633	1.459415	0.48124	AUT	10455262.132897	0.002773	0.002596	0.002609	0.070207	0.000929	neutron	pi-	solid	0.009702793068061977	0.002773	0.0030027668707348883	0.060029108708215574	0.002596	0.005036264561298609	-0.0025626350789048043	0.002609	0.0027753002321898295
24	11.0	0.222279	0.531626	0.324084	2.386762	0.100558	AUT	11088493.973101	0.002785	0.002705	0.002724	0.070207	0.001057	neutron	pi-	solid	-0.0007172284856347591	0.002785	0.0029792632598800656	0.044766519665758765	0.002705	0.0042792802285163785	-6.35481534485346e-05	0.002724	0.0029218906388171328
25	11.0	0.326139	0.386177	0.324342	2.593921	0.102937	AUT	1895937.289272	0.008351	0.007569	0.007605	0.070207	0.00112	neutron	pi-	solid	6.313782151261878e-05	0.008351	0.008425771219833844	0.05545688733179699	0.007569	0.008585057071619214	-0.0001445476870911977	0.007605	0.0076870363591679605
26	11.0	0.205842	0.571749	0.323321	2.336534	0.415591	AUT	10692525.58458	0.002724	0.002881	0.002888	0.070207	0.001047	neutron	pi-	solid	-0.0036428637717370125	0.002724	0.0029294701539877835	0.14045628333274632	0.002881	0.010326469518093323	-0.0028234938123983767	0.002888	0.0030783189809324915
27	11.0	0.344264	0.371036	0.32356	2.634909	0.456787	AUT	661022.141849	0.018061	0.022665	0.022813	0.070207	0.001129	neutron	pi-	solid	0.0005653386484461152	0.018061	0.018096296233044123	0.19592474508094682	0.022665	0.026536481113012184	-0.009913211007223841	0.022813	0.022851520599587116
28	11.0	0.20685	0.56557	0.374177	2.362637	0.156952	AUT	11148326.872763	0.002927	0.002738	0.002765	0.070207	0.001032	neutron	pi-	solid	-0.0008667476403280384	0.002927	0.003104199725480128	0.05571330755907095	0.002738	0.004884794781886729	-0.0002264438217108578	0.002765	0.0029513559162765287
29	11.0	0.312951	0.397909	0.374228	2.559417	0.114827	AUT	2481362.063015	0.006605	0.006199	0.006223	0.070207	0.001091	neutron	pi-	solid	0.0004131139862192954	0.006605	0.006694561016425406	0.054323263743958745	0.006199	0.007359586410995938	-0.00021498329597199924	0.006223	0.006317929867344107
30	11.0	0.224596	0.535639	0.37359	2.366565	0.572662	AUT	6488167.992523	0.003416	0.003939	0.003933	0.070207	0.001041	neutron	pi-	solid	-0.0017632454237701475	0.003416	0.0035732424353402646	0.16093892212261837	0.003939	0.01201114824599043	-0.008121424309692926	0.003933	0.0041081962205235445
31	11.0	0.211725	0.5543	0.42368	2.35889	0.219645	AUT	11063789.089263	0.002798	0.002673	0.002681	0.070207	0.001021	neutron	pi-	solid	-0.0001781117714433121	0.002798	0.0029784897796283384	0.06966713396289315	0.002673	0.005666606523527238	-0.0007063640120296019	0.002681	0.002869261461862551
32	11.0	0.321872	0.385865	0.423504	2.557492	0.209867	AUT	1922441.836737	0.007956	0.007253	0.007278	0.070207	0.001074	neutron	pi-	solid	0.0016642439106364102	0.007956	0.008029013884220285	0.0861506039779799	0.007253	0.009504858264397424	-0.0014545626437831125	0.007278	0.007357525983123666
33	11.0	0.221624	0.538357	0.473772	2.375877	0.276657	AUT	10856911.615182	0.002758	0.002659	0.002671	0.070207	0.001011	neutron	pi-	solid	0.0014941820433957845	0.002758	0.0029393348631497835	0.08036961153454135	0.002659	0.006319043708702636	-0.0016349557490711463	0.002671	0.002858240310730173
34	11.0	0.354239	0.372379	0.473503	2.721233	0.210515	AUT	383127.608736	0.025081	0.019855	0.020075	0.070207	0.001066	neutron	pi-	solid	0.002717797325646321	0.025081	0.025104368640623192	0.07605670592954114	0.019855	0.020588101358755908	-0.0018156468092931693	0.020075	0.020103686972426153
35	11.0	0.224361	0.536429	0.523811	2.387702	0.302076	AUT	8866532.721022	0.00301	0.002907	0.002902	0.070207	0.000995	neutron	pi-	solid	0.003649061845321334	0.00301	0.0031805279679146545	0.07980434612411065	0.002907	0.006390016254345415	-0.002288425115558038	0.002902	0.0030720419508935906
36	11.0	0.222867	0.539413	0.573698	2.387827	0.300449	AUT	6742688.661181	0.003365	0.003234	0.00325	0.070207	0.000975	neutron	pi-	solid	0.006076301798341755	0.003365	0.0035292827371647428	0.07311485963237999	0.003234	0.006144824331864059	-0.0023585212143705124	0.00325	0.0033971375145126098
37	11.0	0.220002	0.543774	0.623603	2.385792	0.294035	AUT	4893966.709384	0.003847	0.003715	0.003712	0.070207	0.000951	neutron	pi-	solid	0.008983560906268957	0.003847	0.0040126803594071345	0.0666203810845692	0.003715	0.0060483043699809	-0.0022733576675037673	0.003712	0.0038352078111229086
38	11.0	0.214635	0.553665	0.673318	2.38323	0.29046	AUT	3389817.413975	0.004541	0.004358	0.004348	0.070207	0.000925	neutron	pi-	solid	0.012475231272418846	0.004541	0.0047162926863646955	0.061137945921709076	0.004358	0.006186414900820151	-0.002162107061893598	0.004348	0.004447895090641706
39	11.0	0.286529	0.591924	0.324074	3.466614	0.161279	AUT	4917815.193841	0.004195	0.004174	0.004181	0.070207	0.001108	neutron	pi-	solid	-0.00036344019936127833	0.004195	0.004338933056479136	0.06723353083862266	0.004174	0.006397721230724501	-0.0003517211386772464	0.004181	0.00432539417375719
40	11.0	0.392523	0.436846	0.324204	3.529506	0.115059	AUT	1187264.115876	0.010491	0.009694	0.009745	0.070207	0.001161	neutron	pi-	solid	0.0002687448818081081	0.010491	0.010555063144899566	0.05369027058990916	0.009694	0.010465666765169348	-0.00023512600807262286	0.009745	0.00981392981925592
41	11.0	0.310015	0.552863	0.323349	3.45127	0.541001	AUT	2513874.926292	0.005897	0.00662	0.006596	0.070207	0.001119	neutron	pi-	solid	-0.00041975273452770127	0.005897	0.006002302762786888	0.17751155510913888	0.00662	0.014155981313930723	-0.010315950014764954	0.006596	0.006729332642881103
42	11.0	0.291979	0.581189	0.373705	3.458296	0.225905	AUT	4997206.207405	0.004092	0.004068	0.004072	0.070207	0.00109	neutron	pi-	solid	0.0003854230095090902	0.004092	0.004234772273778355	0.08250503843935263	0.004068	0.007161632746607301	-0.0011146773219664556	0.004072	0.004216089223220704
43	11.0	0.40274	0.426192	0.373352	3.537503	0.212535	AUT	880073.857924	0.013152	0.011742	0.011772	0.070207	0.001138	neutron	pi-	solid	0.0011369638203699102	0.013152	0.013201383248827489	0.08379823109056277	0.011742	0.013182636835155059	-0.0016603548710533006	0.011772	0.011827451805998604
44	11.0	0.308003	0.557769	0.424011	3.466124	0.279367	AUT	4960525.799328	0.004029	0.004028	0.004025	0.070207	0.001075	neutron	pi-	solid	0.001895291078694149	0.004029	0.0041720704311329695	0.09164867046650552	0.004028	0.007666918019413272	-0.0025170122393686012	0.004025	0.0041698293835513885
45	11.0	0.307039	0.559108	0.473713	3.465211	0.283732	AUT	3777706.444396	0.004513	0.00452	0.004492	0.070207	0.001054	neutron	pi-	solid	0.003291290573760135	0.004513	0.004640202484975201	0.08378132927677913	0.00452	0.007492640453841909	-0.0028417977904103887	0.004492	0.004618309850485327
46	11.0	0.306564	0.559853	0.52375	3.464851	0.286447	AUT	2837681.33704	0.00511	0.005111	0.005103	0.070207	0.001031	neutron	pi-	solid	0.005073793923942157	0.00511	0.005225126862747372	0.07719906557788266	0.005111	0.007520688692335683	-0.0031174233216568464	0.005103	0.005210707424293396
47	11.0	0.305523	0.561185	0.573668	3.463479	0.286231	AUT	2129651.759521	0.00573	0.005739	0.005726	0.070207	0.001003	neutron	pi-	solid	0.00728779281301352	0.00573	0.005839580369116547	0.07149290742906564	0.005739	0.007689962815724983	-0.003273068289309101	0.005726	0.00581772202013944
48	11.0	0.301269	0.56704	0.62348	3.463362	0.289157	AUT	1525854.790375	0.006535	0.00654	0.006556	0.070207	0.000971	neutron	pi-	solid	0.010134284872902057	0.006535	0.006644945073609062	0.06741327549059782	0.00654	0.008131090355585418	-0.003427143690936354	0.006556	0.006631882833741482
49	11.0	0.329694	0.641008	0.32364	4.357389	0.212364	AUT	3100005.297887	0.006294	0.005826	0.005836	0.070207	0.001139	neutron	pi-	solid	-2.976379233491005e-05	0.006294	0.006396230246523275	0.0767567274202801	0.005826	0.008017443755893238	-0.0008527226755491029	0.005836	0.005946410772034509
50	11.0	0.400177	0.567485	0.323743	4.65811	0.186021	AUT	2127421.128226	0.007274	0.007003	0.006969	0.070207	0.001174	neutron	pi-	solid	0.00041367751633543355	0.007274	0.007368188074362823	0.07024613933093239	0.007003	0.008645383003482231	-0.0008211560467205717	0.006969	0.007067429562901025
51	11.0	0.356797	0.612239	0.324244	4.466118	0.551745	AUT	1711792.669829	0.007794	0.007931	0.007895	0.070207	0.001151	neutron	pi-	solid	0.0005320372919106664	0.007794	0.007878618675081715	0.15298892655688862	0.007931	0.013401207281916239	-0.011514220096009598	0.007895	0.008019308097684044
52	11.0	0.341236	0.63074	0.373606	4.432121	0.215465	AUT	2992862.702953	0.006118	0.005751	0.005732	0.070207	0.00112	neutron	pi-	solid	0.0008006335190240687	0.006118	0.006219926331783135	0.06944903221775367	0.005751	0.007622460669041562	-0.0010861535052075714	0.005732	0.00584089367420346
53	11.0	0.424768	0.532118	0.373683	4.643797	0.186308	AUT	824474.784406	0.010706	0.010742	0.010635	0.070207	0.001154	neutron	pi-	solid	0.0009955616175816551	0.010706	0.010768242074088523	0.061952431517301856	0.010742	0.011646475054007913	-0.001040965019173376	0.010635	0.010697676482743107
54	11.0	0.354343	0.61622	0.374032	4.471271	0.56713	AUT	1357818.510062	0.010003	0.009328	0.009347	0.070207	0.001125	neutron	pi-	solid	0.002213674248431205	0.010003	0.010067263180986571	0.13923317415793124	0.009328	0.013558415786018298	-0.013628012036630137	0.009347	0.009462952260863093
55	11.0	0.345416	0.626393	0.423703	4.451066	0.277968	AUT	2989717.710354	0.006212	0.005747	0.005733	0.070207	0.001098	neutron	pi-	solid	0.002147982473422722	0.006212	0.00631009426768839	0.07783465183795024	0.005747	0.008005921684187456	-0.0025234146252466963	0.005733	0.005839886912537862
56	11.0	0.436767	0.516362	0.423872	4.638486	0.23583	AUT	503325.268204	0.013316	0.013386	0.013198	0.070207	0.001129	neutron	pi-	solid	0.0019509348015605088	0.013316	0.013364477452693679	0.0677557532346103	0.013386	0.014250894799599583	-0.0023548356423959563	0.013198	0.013247232830610429
57	11.0	0.357765	0.611485	0.473862	4.475768	0.334788	AUT	2898316.643821	0.005922	0.005593	0.005583	0.070207	0.001076	neutron	pi-	solid	0.0041138021495230334	0.005922	0.006025883808054404	0.08333424290296917	0.005593	0.00816513916349717	-0.004852894903855118	0.005583	0.005695941220819561
58	11.0	0.357816	0.611291	0.523775	4.474934	0.348839	AUT	2178238.270281	0.006606	0.006259	0.006262	0.070207	0.001048	neutron	pi-	solid	0.006142132383032855	0.006606	0.006702498883397529	0.07913732027434615	0.006259	0.008434598544099964	-0.005783921776466041	0.006262	0.0063620627396809674
59	11.0	0.356273	0.613179	0.573649	4.472091	0.362305	AUT	1606130.031408	0.007505	0.0071	0.007055	0.070207	0.001015	neutron	pi-	solid	0.008775271975903616	0.007505	0.0075983426724171845	0.07597603646204265	0.0071	0.008938249831412668	-0.006685146511443531	0.007055	0.007143075938731909
60	11.0	0.353996	0.616006	0.623388	4.470561	0.370249	AUT	1134721.326128	0.008585	0.008112	0.00811	0.070207	0.000978	neutron	pi-	solid	0.011953706544285903	0.008585	0.008681187850607936	0.07303560039452267	0.008112	0.00964641987383812	-0.007301226589318851	0.00811	0.0081848237552794
61	11.0	0.349597	0.621815	0.673079	4.464479	0.368523	AUT	746146.683995	0.010071	0.009562	0.009536	0.070207	0.000937	neutron	pi-	solid	0.01551881297553103	0.010071	0.010173007623174449	0.06943842095002876	0.009562	0.010773859772406254	-0.007298074245595649	0.009536	0.009595613271772977
62	11.0	0.413632	0.629348	0.323708	5.361938	0.200914	AUT	2013847.168256	0.008249	0.007581	0.00762	0.070207	0.001184	neutron	pi-	solid	0.00048718992275728054	0.008249	0.008333608277534528	0.06477178922595699	0.007581	0.008919224402702108	-0.0009310537486382883	0.00762	0.007711713738079513
63	11.0	0.493601	0.546094	0.323633	5.54969	0.202239	AUT	1155947.044206	0.009882	0.009889	0.009816	0.070207	0.001225	neutron	pi-	solid	0.0006590310471933732	0.009882	0.00995774521579425	0.059405088913449915	0.009889	0.01080218927308629	-0.0011749030026525758	0.009816	0.009892486290547854
64	11.0	0.439882	0.602351	0.324154	5.425828	0.546291	AUT	934440.760876	0.010924	0.011772	0.011821	0.070207	0.001197	neutron	pi-	solid	0.0014909413104541303	0.010924	0.010989883609684949	0.12967916534808221	0.011772	0.014929923716169191	-0.01355922957302397	0.011821	0.011919524495203268
65	11.0	0.430349	0.61107	0.373649	5.402558	0.206754	AUT	1990447.126756	0.007738	0.007312	0.007273	0.070207	0.001161	neutron	pi-	solid	0.0010949847926616679	0.007738	0.007824990406221987	0.05848812495315265	0.007312	0.008466095076948255	-0.0012317933947489806	0.007273	0.007365590871080417
66	11.0	0.525169	0.518567	0.373455	5.617513	0.219835	AUT	303316.214251	0.018049	0.018827	0.0186	0.070207	0.001203	neutron	pi-	solid	0.0010820226475549146	0.018049	0.01808920619504671	0.05200499349393538	0.018827	0.01921545668630736	-0.0017544908958441194	0.0186	0.018639269881273058
67	11.0	0.439667	0.60241	0.374111	5.424912	0.552001	AUT	759480.61997	0.013706	0.013669	0.013648	0.070207	0.001164	neutron	pi-	solid	0.002778103183510898	0.013706	0.013756721029917278	0.11788782221138473	0.013669	0.01602178961387109	-0.015754679731780817	0.013648	0.013742133474585696
68	11.0	0.439421	0.601759	0.423733	5.419978	0.269966	AUT	2011972.32584	0.007505	0.007114	0.007072	0.070207	0.001133	neutron	pi-	solid	0.002204557421000399	0.007505	0.00759161836586556	0.065662343180222	0.007114	0.008552448801302072	-0.0029835284362008736	0.007072	0.0071652458723103244
69	11.0	0.551002	0.504257	0.423505	5.735092	0.290154	AUT	65272.730109	0.038905	0.041996	0.041285	0.070207	0.001175	neutron	pi-	solid	0.0017785710020341982	0.038905	0.03892293979199122	0.053659181372900794	0.041996	0.04218100063615624	-0.0041968990251698614	0.041285	0.041302768304537864
70	11.0	0.44077	0.601051	0.47368	5.42628	0.320673	AUT	1677018.827993	0.007913	0.007549	0.00753	0.070207	0.001102	neutron	pi-	solid	0.003630161306754812	0.007913	0.007993430303294202	0.06849477605475415	0.007549	0.009018119814695342	-0.00518499365528866	0.00753	0.007618911774984633
71	11.0	0.4391	0.602888	0.52369	5.424798	0.329947	AUT	1212475.657209	0.008974	0.008556	0.008525	0.070207	0.001066	neutron	pi-	solid	0.005037021474153672	0.008974	0.00904400846548765	0.06444156288193309	0.008556	0.009737059065848529	-0.005948246107029273	0.008525	0.008601533460455153
72	11.0	0.435399	0.606817	0.573414	5.418587	0.335017	AUT	853624.685314	0.010274	0.009809	0.009749	0.070207	0.001026	neutron	pi-	solid	0.0067739410209829085	0.010274	0.010336049850284705	0.06099441946054137	0.009809	0.01075205540204465	-0.006464168085790904	0.009749	0.009813339825546705
73	11.0	0.429473	0.613296	0.622899	5.409622	0.331436	AUT	554104.350108	0.012194	0.011618	0.011569	0.070207	0.000981	neutron	pi-	solid	0.00877332711479097	0.012194	0.012248893425202011	0.05736183100167996	0.011618	0.012335260090717372	-0.006441798371507304	0.011569	0.01161932272161553
74	11.0	0.52039	0.617116	0.323831	6.603265	0.272293	AUT	1920841.035454	0.008356	0.008054	0.008023	0.070207	0.001246	neutron	pi-	solid	0.0008813929737464297	0.008356	0.008448614154346109	0.06060326697002835	0.008054	0.009193613548671462	-0.002356077234235829	0.008023	0.00812086242331504
75	11.0	0.519911	0.617439	0.373746	6.600613	0.283582	AUT	1427487.454607	0.00946	0.009026	0.009043	0.070207	0.001205	neutron	pi-	solid	0.0013976131929871467	0.00946	0.00953694148938276	0.05569236700700547	0.009026	0.00991003300508326	-0.0030143170231638258	0.009043	0.009125385451014325
76	11.0	0.51972	0.617547	0.423722	6.599483	0.295079	AUT	1041361.177839	0.010635	0.010207	0.010127	0.070207	0.001167	neutron	pi-	solid	0.00201992378256737	0.010635	0.010699776860623064	0.051522836605985216	0.010207	0.010891709476639807	-0.0037280775327676826	0.010127	0.010197378306707635
77	11.0	0.518089	0.618854	0.473572	6.593307	0.303858	AUT	767040.777014	0.01193	0.011427	0.01133	0.070207	0.001127	neutron	pi-	solid	0.002750370014604897	0.01193	0.011984669989904929	0.04798586346070246	0.011427	0.011966463070343759	-0.004378382645401564	0.01133	0.011390062314329654
78	11.0	0.516122	0.620613	0.523483	6.588215	0.307594	AUT	537023.93729	0.013603	0.013032	0.012933	0.070207	0.001083	neutron	pi-	solid	0.0036038770863516755	0.013603	0.013648388762194427	0.044678193320113496	0.013032	0.013447859955901129	-0.0048299108756125735	0.012933	0.012982694729430422
79	8.8	0.149375	0.557041	0.32346	1.323408	0.201063	AUT	18772631.793869	0.002032	0.002	0.001995	0.070207	0.001513	neutron	pi-	solid	-0.0027365302219854093	0.002032	0.0025406897624370827	0.06646865508648275	0.002	0.005297735050382168	-0.0002159159909033131	0.001995	0.002503881744340391
80	8.8	0.251558	0.418361	0.323381	1.734414	0.170142	AUT	1655229.581121	0.007247	0.007322	0.007357	0.070207	0.001608	neutron	pi-	solid	-0.00046418765008986136	0.007247	0.007423323720370368	0.08724040286403933	0.007322	0.009680474591684717	-0.00041374667518292405	0.007357	0.007530734146232986
81	8.8	0.146612	0.590322	0.325878	1.360482	0.486637	AUT	8243672.702079	0.002901	0.002901	0.002935	0.070207	0.001515	neutron	pi-	solid	-0.006632163191552012	0.002901	0.0033057271471240704	0.1197184201261395	0.002901	0.009019769762163942	-0.00205498334769707	0.002935	0.003306095136164594
82	8.8	0.143162	0.572417	0.373817	1.307101	0.287262	AUT	18987008.750546	0.00194	0.001924	0.001925	0.070207	0.001493	neutron	pi-	solid	-0.003312426579994522	0.00194	0.0024590101821430474	0.07548799802249805	0.001924	0.0058325427854241324	-0.0006057030373450219	0.001925	0.002436489758037568
83	8.8	0.238588	0.429688	0.373991	1.687592	0.241202	AUT	2830492.815697	0.005393	0.005499	0.005523	0.070207	0.001568	neutron	pi-	solid	1.9773942107460358e-05	0.005393	0.005616322188700649	0.10295459336026036	0.005499	0.009216481629796392	-0.0011696921985679335	0.005523	0.005741854821369999
84	8.8	0.155472	0.554304	0.424155	1.357016	0.323353	AUT	18001649.32845	0.002014	0.00198	0.001983	0.070207	0.001488	neutron	pi-	solid	-0.0021119904008879468	0.002014	0.0025084509011419906	0.08077256842315964	0.00198	0.00618809448582578	-0.0011288262743686603	0.001983	0.002480466448320162
85	8.8	0.155658	0.552881	0.474144	1.357322	0.337074	AUT	14249086.193993	0.002232	0.002193	0.00221	0.070207	0.001474	neutron	pi-	solid	-0.0009285215305144712	0.002232	0.0026755839676702252	0.07565204385968165	0.002193	0.005932273174534999	-0.001386426364172549	0.00221	0.002658241986650899
86	8.8	0.153518	0.557211	0.523879	1.352537	0.34697	AUT	11084607.197241	0.002519	0.002478	0.002475	0.070207	0.001459	neutron	pi-	solid	0.0006041409325475162	0.002519	0.0029113297693058675	0.06976214066101374	0.002478	0.00567957021731462	-0.0015613451436725272	0.002475	0.002875121208798843
87	8.8	0.151586	0.561409	0.573683	1.347379	0.349628	AUT	8367160.821726	0.002868	0.002803	0.002828	0.070207	0.001441	neutron	pi-	solid	0.0028318898411251927	0.002868	0.003215809974484819	0.0641114856742081	0.002803	0.0054948127200431345	-0.0016482658608913748	0.002828	0.003176075577251255
88	8.8	0.148775	0.569116	0.623333	1.344051	0.341855	AUT	6032031.996702	0.003348	0.003264	0.003267	0.070207	0.001419	neutron	pi-	solid	0.005663691762487919	0.003348	0.003657974201539421	0.05757222352245595	0.003264	0.005385610783893221	-0.0015653345521171016	0.003267	0.0035635554503832354
89	8.8	0.282356	0.517609	0.32389	2.391945	0.252816	AUT	4012169.872999	0.004567	0.004648	0.00466	0.070207	0.001652	neutron	pi-	solid	-0.000417654061979872	0.004567	0.0048566915481306925	0.11290147608089839	0.004648	0.009336058964154929	-0.001387251313948446	0.00466	0.004945117767850591
90	8.8	0.281469	0.518195	0.373931	2.387253	0.265094	AUT	3048005.255466	0.00513	0.005226	0.005236	0.070207	0.001621	neutron	pi-	solid	0.0005256074181910623	0.00513	0.005380139655010677	0.10389650151957154	0.005226	0.009118386397174992	-0.0018046297600077834	0.005236	0.005482644370408962
91	8.8	0.376988	0.553452	0.323937	3.432813	0.274866	AUT	2894024.69508	0.005795	0.005952	0.005897	0.070207	0.001743	neutron	pi-	solid	0.0005338280389149076	0.005795	0.006051568278995814	0.10514943586526224	0.005952	0.00964166065921368	-0.0023838141889882015	0.005897	0.006151476856642064
92	8.8	0.376057	0.553751	0.373829	3.42627	0.28612	AUT	2190552.164824	0.006643	0.006757	0.00669	0.070207	0.001702	neutron	pi-	solid	0.0014266942583954557	0.006643	0.006858300504617076	0.09653241022506366	0.006757	0.009720338630724473	-0.0030379995755670307	0.00669	0.00690640254601832
93	8.8	0.376132	0.554004	0.423878	3.428583	0.294246	AUT	1618201.45855	0.007611	0.007695	0.007664	0.070207	0.001665	neutron	pi-	solid	0.0024978892298227516	0.007611	0.0077929648013188545	0.08830882218944205	0.007695	0.010021176515546567	-0.003644072866262393	0.007664	0.007846946846432072
