[      xmin][      xmax][      zmin][      zmax][     ptmin][     ptmax]         <x>       <Q^2>         <z>        <pT>        A_UT +/- dA_UT (Collins)            A_UT +/- dA_UT (Sivers)
[       0.3][       0.4][       0.2][       0.3][         0][       0.2]     0.36182      5.8592     0.26114       0.175   -0.011343 +/-        0.049589       -0.041626 +/-       0.049524
[       0.4][       0.5][       0.2][       0.3][         0][       0.2]     0.45116      7.0613     0.26955     0.16101   -0.014528 +/-        0.034029       -0.027576 +/-       0.034074
[       0.5][       0.6][       0.2][       0.3][         0][       0.2]     0.54537      8.2515     0.27516     0.14689   -0.018289 +/-        0.040613       -0.014931 +/-       0.040576
[       0.6][       0.7][       0.2][       0.3][         0][       0.2]     0.64084      9.4007     0.27953     0.13486   -0.023126 +/-        0.071612      -0.0062732 +/-       0.071621
[       0.1][       0.2][       0.2][       0.3][       0.2][       0.4]     0.17515      3.1888     0.24172     0.35422  -0.0058393 +/-        0.014805        -0.08465 +/-       0.014796
[       0.2][       0.3][       0.2][       0.3][       0.2][       0.4]     0.25189      4.4275     0.25132     0.33855  -0.0094893 +/-       0.0081619       -0.085022 +/-      0.0081693
[       0.3][       0.4][       0.2][       0.3][       0.2][       0.4]      0.3467      5.8158     0.26137     0.31845   -0.015216 +/-       0.0088626       -0.070602 +/-      0.0088573
[       0.4][       0.5][       0.2][       0.3][       0.2][       0.4]     0.44303      7.1236     0.26857     0.30406   -0.022201 +/-        0.012725       -0.049401 +/-       0.012728
[       0.5][       0.6][       0.2][       0.3][       0.2][       0.4]     0.54016      8.3668     0.27394     0.29301   -0.030944 +/-         0.02378       -0.028665 +/-       0.023782
[       0.6][       0.7][       0.2][       0.3][       0.2][       0.4]     0.63738      9.5512     0.27812     0.28483   -0.042716 +/-        0.057944       -0.012891 +/-       0.057893
[       0.1][       0.2][       0.2][       0.3][       0.4][       0.6]     0.17274      3.1547     0.25472     0.49202  -0.0069865 +/-       0.0072153        -0.11525 +/-      0.0072144
[       0.2][       0.3][       0.2][       0.3][       0.4][       0.6]     0.24519      4.3566     0.26012     0.48461    -0.01114 +/-        0.005515        -0.11863 +/-      0.0055173
[       0.3][       0.4][       0.2][       0.3][       0.4][       0.6]     0.34085      5.8014     0.26758       0.473   -0.018619 +/-       0.0091454        -0.10246 +/-       0.009148
[       0.4][       0.5][       0.2][       0.3][       0.4][       0.6]     0.43861      7.1679     0.27312      0.4643   -0.028261 +/-        0.019501       -0.073692 +/-       0.019492
[       0.5][       0.6][       0.2][       0.3][       0.4][       0.6]     0.53745      8.4402     0.27707     0.46173   -0.041352 +/-        0.054024        -0.04399 +/-       0.054188
[       0.6][       0.7][       0.2][       0.3][       0.4][       0.6]     0.63686      9.6242     0.28014     0.46189   -0.059968 +/-         0.19849       -0.020094 +/-        0.19768
[       0.1][       0.2][       0.2][       0.3][       0.6][       0.8]      0.1711      3.1323     0.27372     0.65418  -0.0078742 +/-        0.014379        -0.15263 +/-       0.014376
[       0.2][       0.3][       0.2][       0.3][       0.6][       0.8]     0.23967       4.303     0.27647     0.64972   -0.012004 +/-        0.013778        -0.15807 +/-       0.013776
[       0.3][       0.4][       0.2][       0.3][       0.6][       0.8]     0.33589      5.8066     0.28034     0.64269   -0.020105 +/-        0.036127        -0.13776 +/-       0.036189
[       0.4][       0.5][       0.2][       0.3][       0.6][       0.8]     0.43581       7.238      0.2831     0.63788   -0.031119 +/-         0.13017       -0.098789 +/-        0.13046
[       0.3][       0.4][       0.3][       0.4][         0][       0.2]     0.37155      5.8792     0.33669     0.17503   -0.013978 +/-        0.078196       -0.053826 +/-       0.078144
[       0.4][       0.5][       0.3][       0.4][         0][       0.2]     0.45659       6.999     0.34271     0.15839   -0.016755 +/-        0.033909       -0.034635 +/-       0.033981
[       0.5][       0.6][       0.3][       0.4][         0][       0.2]     0.54923      8.1281     0.34569     0.14249   -0.020167 +/-        0.031572       -0.018074 +/-       0.031592
[       0.6][       0.7][       0.3][       0.4][         0][       0.2]     0.64418      9.1959     0.34728     0.13094   -0.025156 +/-        0.046114      -0.0074154 +/-       0.046048
[       0.1][       0.2][       0.3][       0.4][       0.2][       0.4]     0.18203      3.2768     0.32045     0.37661  -0.0079348 +/-        0.070383        -0.12203 +/-       0.070569
[       0.2][       0.3][       0.3][       0.4][       0.2][       0.4]     0.26227       4.527     0.33426      0.3536   -0.012748 +/-        0.017383        -0.11875 +/-       0.017369
[       0.3][       0.4][       0.3][       0.4][       0.2][       0.4]      0.3524      5.8211     0.34126      0.3283   -0.018703 +/-        0.011416       -0.094394 +/-       0.011419
[       0.4][       0.5][       0.3][       0.4][       0.2][       0.4]     0.44711      7.0719     0.34471     0.31155   -0.026193 +/-        0.012077       -0.064033 +/-       0.012086
[       0.5][       0.6][       0.3][       0.4][       0.2][       0.4]     0.54357      8.2526     0.34716     0.30103   -0.035966 +/-        0.017853        -0.03656 +/-       0.017864
[       0.6][       0.7][       0.3][       0.4][       0.2][       0.4]      0.6404      9.3592     0.34926      0.2928   -0.049196 +/-        0.035547       -0.016235 +/-       0.035519
[       0.1][       0.2][       0.3][       0.4][       0.4][       0.6]      0.1747      3.1814     0.33846     0.51652  -0.0087728 +/-        0.011844        -0.15985 +/-       0.011849
[       0.2][       0.3][       0.3][       0.4][       0.4][       0.6]     0.25057       4.411     0.34236     0.50456   -0.014098 +/-       0.0068589        -0.16094 +/-      0.0068567
[       0.3][       0.4][       0.3][       0.4][       0.4][       0.6]     0.34561      5.8062     0.34646     0.49297   -0.022947 +/-        0.008054        -0.13588 +/-       0.008045
[       0.4][       0.5][       0.3][       0.4][       0.4][       0.6]     0.44232      7.1176     0.35017     0.48297   -0.033979 +/-        0.012474       -0.096314 +/-       0.012487
[       0.5][       0.6][       0.3][       0.4][       0.4][       0.6]     0.54013      8.3489     0.35328     0.47569   -0.048294 +/-        0.025518       -0.056496 +/-       0.025528
[       0.6][       0.7][       0.3][       0.4][       0.4][       0.6]     0.63852      9.4675     0.35466     0.47198   -0.068695 +/-        0.069938       -0.025545 +/-       0.069909
[       0.1][       0.2][       0.3][       0.4][       0.6][       0.8]     0.17293      3.1572     0.34669     0.68498  -0.0096132 +/-        0.010533        -0.19914 +/-       0.010521
[       0.2][       0.3][       0.3][       0.4][       0.6][       0.8]      0.2455      4.3605     0.35043     0.67842   -0.015205 +/-       0.0079211        -0.20529 +/-      0.0079167
[       0.3][       0.4][       0.3][       0.4][       0.6][       0.8]     0.34059      5.8022      0.3565     0.66838   -0.025063 +/-        0.013216        -0.17785 +/-       0.013233
[       0.4][       0.5][       0.3][       0.4][       0.6][       0.8]     0.43876      7.1702     0.36061     0.66129   -0.037962 +/-        0.029611        -0.12783 +/-       0.029681
[       0.5][       0.6][       0.3][       0.4][       0.6][       0.8]     0.53837      8.4307     0.36241     0.65849   -0.055446 +/-        0.088778       -0.075393 +/-       0.088835
[       0.1][       0.2][       0.3][       0.4][       0.8][         1]     0.17156      3.1399     0.36275     0.85977  -0.0098397 +/-        0.022174         -0.2369 +/-       0.022202
[       0.2][       0.3][       0.3][       0.4][       0.8][         1]     0.24044      4.3141      0.3663      0.8558   -0.014977 +/-        0.020436        -0.24695 +/-       0.020433
[       0.3][       0.4][       0.3][       0.4][       0.8][         1]     0.33604      5.8077     0.37161     0.84954   -0.024801 +/-        0.050951        -0.21681 +/-       0.051029
[       0.4][       0.5][       0.4][       0.5][         0][       0.2]     0.46034      6.9704     0.44289     0.15716   -0.019091 +/-        0.054575       -0.047183 +/-       0.054535
[       0.5][       0.6][       0.4][       0.5][         0][       0.2]     0.55096      8.0818     0.44491     0.14024   -0.021869 +/-        0.044036       -0.024273 +/-       0.043938
[       0.6][       0.7][       0.4][       0.5][         0][       0.2]     0.64514      9.1496     0.44585     0.13046   -0.026897 +/-        0.061323       -0.010051 +/-       0.061446
[       0.2][       0.3][       0.4][       0.5][       0.2][       0.4]     0.27471      4.6424     0.43247      0.3641    -0.01682 +/-        0.058016        -0.16311 +/-       0.058243
[       0.3][       0.4][       0.4][       0.5][       0.2][       0.4]     0.35769       5.827     0.44029     0.33646   -0.022414 +/-        0.021722        -0.12799 +/-       0.021732
[       0.4][       0.5][       0.4][       0.5][       0.2][       0.4]     0.44954      7.0465     0.44377     0.31677   -0.029673 +/-          0.0182       -0.086092 +/-       0.018189
[       0.5][       0.6][       0.4][       0.5][       0.2][       0.4]     0.54533      8.2082     0.44549     0.30633   -0.040009 +/-        0.023755       -0.049188 +/-       0.023763
[       0.6][       0.7][       0.4][       0.5][       0.2][       0.4]     0.64179       9.292     0.44658     0.29933    -0.05452 +/-        0.043305        -0.02214 +/-       0.043311
[       0.1][       0.2][       0.4][       0.5][       0.4][       0.6]     0.17807      3.2252     0.43154     0.54847   -0.010991 +/-        0.035147        -0.21655 +/-       0.035187
[       0.2][       0.3][       0.4][       0.5][       0.4][       0.6]     0.25629      4.4671     0.43931     0.52016   -0.017356 +/-        0.013522        -0.21319 +/-       0.013508
[       0.3][       0.4][       0.4][       0.5][       0.4][       0.6]     0.34884      5.8135     0.44384      0.5025   -0.026721 +/-        0.011857        -0.17731 +/-       0.011845
[       0.4][       0.5][       0.4][       0.5][       0.4][       0.6]     0.44504       7.091     0.44607     0.49431    -0.03896 +/-        0.015136        -0.12566 +/-       0.015133
[       0.5][       0.6][       0.4][       0.5][       0.4][       0.6]     0.54207      8.2916     0.44807     0.48707   -0.054583 +/-        0.025755       -0.074108 +/-       0.025774
[       0.6][       0.7][       0.4][       0.5][       0.4][       0.6]     0.63859      9.4109     0.44928     0.48049   -0.075575 +/-        0.059523        -0.03406 +/-       0.059419
[       0.1][       0.2][       0.4][       0.5][       0.6][       0.8]     0.17415      3.1746     0.44239     0.69755    -0.01152 +/-        0.016967         -0.2521 +/-       0.016965
[       0.2][       0.3][       0.4][       0.5][       0.6][       0.8]      0.2494       4.401     0.44454     0.69226   -0.018341 +/-         0.01056        -0.25881 +/-       0.010562
[       0.3][       0.4][       0.4][       0.5][       0.6][       0.8]     0.34485      5.8084     0.44744     0.68491   -0.029854 +/-        0.013283        -0.22236 +/-         0.0133
[       0.4][       0.5][       0.4][       0.5][       0.6][       0.8]     0.44154      7.1341     0.45085     0.67682   -0.044034 +/-        0.022179        -0.16004 +/-       0.022177
[       0.5][       0.6][       0.4][       0.5][       0.6][       0.8]     0.53948      8.3715     0.45322     0.67153   -0.062786 +/-        0.049868        -0.09531 +/-       0.049898
[       0.6][       0.7][       0.4][       0.5][       0.6][       0.8]     0.63168      9.4683     0.45244     0.66275   -0.085527 +/-          0.1586       -0.045221 +/-        0.15827
[       0.1][       0.2][       0.4][       0.5][       0.8][         1]     0.17326      3.1629     0.44675     0.88196   -0.011779 +/-        0.020614        -0.28325 +/-       0.020607
[       0.2][       0.3][       0.4][       0.5][       0.8][         1]     0.24576      4.3665     0.44978     0.87667   -0.018415 +/-        0.015258        -0.29451 +/-       0.015273
[       0.3][       0.4][       0.4][       0.5][       0.8][         1]      0.3403      5.8049     0.45475     0.86817    -0.02986 +/-        0.025481        -0.25698 +/-       0.025438
[       0.4][       0.5][       0.4][       0.5][       0.8][         1]     0.43861      7.1789     0.45842      0.8626   -0.044951 +/-        0.058635         -0.1864 +/-       0.058514
[       0.1][       0.2][       0.4][       0.5][         1][       1.2]     0.17184      3.1445     0.45705      1.0639   -0.011239 +/-        0.043233        -0.30143 +/-        0.04307
[       0.2][       0.3][       0.4][       0.5][         1][       1.2]     0.24114      4.3241     0.46067      1.0602    -0.01704 +/-        0.038284        -0.31687 +/-       0.038247
[       0.3][       0.4][       0.4][       0.5][         1][       1.2]     0.33656      5.8128     0.46548      1.0532   -0.027857 +/-        0.089989        -0.27939 +/-       0.090892
[       0.4][       0.5][       0.5][       0.6][         0][       0.2]     0.46357      6.9583     0.54324     0.15607   -0.020004 +/-        0.085472       -0.061202 +/-       0.085387
[       0.5][       0.6][       0.5][       0.6][         0][       0.2]     0.55192      8.0454     0.54509     0.13857   -0.021957 +/-        0.062349       -0.031382 +/-       0.062364
[       0.6][       0.7][       0.5][       0.6][         0][       0.2]     0.64502      9.1238     0.54495     0.13067   -0.026597 +/-        0.085121       -0.013187 +/-       0.084987
[       0.3][       0.4][       0.5][       0.6][       0.2][       0.4]     0.36358      5.8425     0.54031     0.34127   -0.024886 +/-        0.042295        -0.16338 +/-       0.042212
[       0.4][       0.5][       0.5][       0.6][       0.2][       0.4]     0.45193      7.0238      0.5437     0.31995   -0.031119 +/-        0.027932        -0.10989 +/-       0.027964
[       0.5][       0.6][       0.5][       0.6][       0.2][       0.4]     0.54633       8.179      0.5451     0.30854   -0.040651 +/-        0.033364       -0.063051 +/-       0.033345
[       0.6][       0.7][       0.5][       0.6][       0.2][       0.4]     0.64097      9.2449      0.5448     0.30121   -0.054323 +/-         0.05878        -0.02886 +/-       0.058919
[       0.2][       0.3][       0.5][       0.6][       0.4][       0.6]     0.26493       4.551     0.53765       0.533   -0.020578 +/-        0.030598         -0.2676 +/-       0.030619
[       0.3][       0.4][       0.5][       0.6][       0.4][       0.6]     0.35197      5.8174     0.54297     0.50924   -0.029042 +/-        0.018998        -0.22048 +/-       0.019017
[       0.4][       0.5][       0.5][       0.6][       0.4][       0.6]     0.44682      7.0766      0.5452     0.49931   -0.040844 +/-         0.02099         -0.1563 +/-       0.020983
[       0.5][       0.6][       0.5][       0.6][       0.4][       0.6]     0.54347      8.2523     0.54638     0.49338   -0.056687 +/-        0.032362       -0.093126 +/-       0.032335
[       0.6][       0.7][       0.5][       0.6][       0.4][       0.6]      0.6353      9.3541     0.54443     0.48408   -0.075328 +/-        0.071738        -0.04393 +/-       0.071831
[       0.1][       0.2][       0.5][       0.6][       0.6][       0.8]     0.17639      3.2036     0.53769     0.71868   -0.013307 +/-        0.035902        -0.30514 +/-       0.035896
[       0.2][       0.3][       0.5][       0.6][       0.6][       0.8]     0.25286      4.4357     0.54264     0.70117   -0.020747 +/-        0.017155         -0.3118 +/-       0.017148
[       0.3][       0.4][       0.5][       0.6][       0.6][       0.8]     0.34728      5.8135     0.54551     0.69202   -0.032643 +/-        0.017703        -0.26766 +/-       0.017717
[       0.4][       0.5][       0.5][       0.6][       0.6][       0.8]     0.44381      7.1045     0.54751     0.68617    -0.04761 +/-        0.025048        -0.19369 +/-       0.025048
[       0.5][       0.6][       0.5][       0.6][       0.6][       0.8]     0.53964      8.3206     0.54848     0.67867   -0.065884 +/-        0.047734        -0.11664 +/-       0.047638
[       0.6][       0.7][       0.5][       0.6][       0.6][       0.8]     0.62617      9.4387     0.54464     0.66314   -0.084947 +/-         0.15261       -0.056562 +/-        0.15337
[       0.1][       0.2][       0.5][       0.6][       0.8][         1]     0.17402      3.1742     0.54495     0.88896   -0.013546 +/-        0.029623        -0.32766 +/-       0.029604
[       0.2][       0.3][       0.5][       0.6][       0.8][         1]     0.24881      4.3969     0.54619     0.88625   -0.021212 +/-        0.019061        -0.34183 +/-       0.019089
[       0.3][       0.4][       0.5][       0.6][       0.8][         1]     0.34416      5.8096     0.54864     0.88053    -0.03404 +/-        0.025223        -0.29778 +/-        0.02524
[       0.4][       0.5][       0.5][       0.6][       0.8][         1]     0.44032      7.1444     0.55128     0.87281   -0.049485 +/-        0.044451        -0.21759 +/-       0.044467
[       0.5][       0.6][       0.5][       0.6][       0.8][         1]     0.53313      8.3676      0.5504     0.86241   -0.067695 +/-         0.11754        -0.13256 +/-         0.1178
[       0.1][       0.2][       0.5][       0.6][         1][       1.2]     0.17336      3.1653     0.54771      1.0789   -0.013272 +/-         0.04329        -0.33361 +/-       0.043234
[       0.2][       0.3][       0.5][       0.6][         1][       1.2]     0.24589        4.37      0.5499      1.0753   -0.020436 +/-        0.031913        -0.35142 +/-       0.031854
[       0.3][       0.4][       0.5][       0.6][         1][       1.2]     0.34023      5.8115     0.55441      1.0679   -0.032519 +/-        0.053303        -0.31044 +/-       0.053032
[       0.4][       0.5][       0.6][       0.7][         0][       0.2]      0.4666      6.9522      0.6434     0.15381   -0.019345 +/-         0.13102       -0.076106 +/-        0.13077
[       0.5][       0.6][       0.6][       0.7][         0][       0.2]     0.55213      8.0144     0.64385     0.13698    -0.02046 +/-        0.089734       -0.039242 +/-       0.089332
[       0.6][       0.7][       0.6][       0.7][         0][       0.2]     0.63742       9.064      0.6384     0.12954    -0.02356 +/-         0.14002       -0.016877 +/-        0.14066
[       0.3][       0.4][       0.6][       0.7][       0.2][       0.4]     0.36872      5.8577     0.63998     0.34423   -0.025529 +/-        0.081481        -0.20108 +/-       0.081271
[       0.4][       0.5][       0.6][       0.7][       0.2][       0.4]     0.45406      6.9994     0.64322     0.32156   -0.030349 +/-        0.043261        -0.13564 +/-       0.043226
[       0.5][       0.6][       0.6][       0.7][       0.2][       0.4]     0.54638      8.1474     0.64362     0.30918   -0.038042 +/-        0.048605       -0.077808 +/-       0.048586
[       0.6][       0.7][       0.6][       0.7][       0.2][       0.4]     0.63275       9.197       0.637     0.29873    -0.04768 +/-         0.10066       -0.036121 +/-        0.10059
[       0.2][       0.3][       0.6][       0.7][       0.4][       0.6]     0.27354      4.6297     0.63682     0.54162   -0.022799 +/-        0.075883        -0.32313 +/-        0.07578
[       0.3][       0.4][       0.6][       0.7][       0.4][       0.6]     0.35582      5.8226     0.64227     0.51477   -0.029773 +/-        0.031914        -0.26558 +/-       0.031836
[       0.4][       0.5][       0.6][       0.7][       0.4][       0.6]     0.44804      7.0601     0.64411     0.50211   -0.039655 +/-        0.030192        -0.18864 +/-       0.030174
[       0.5][       0.6][       0.6][       0.7][       0.4][       0.6]     0.54212      8.2178     0.64299     0.49444   -0.053264 +/-        0.045648        -0.11237 +/-       0.045658
[       0.6][       0.7][       0.6][       0.7][       0.4][       0.6]     0.62665      9.2974     0.63426     0.48052     -0.0673 +/-         0.13166        -0.05367 +/-        0.13049
[       0.1][       0.2][       0.6][       0.7][       0.6][       0.8]     0.18125      3.2658     0.63175     0.74361   -0.015191 +/-         0.10835        -0.36048 +/-        0.10803
[       0.2][       0.3][       0.6][       0.7][       0.6][       0.8]     0.25861      4.4902     0.64069     0.71114    -0.02269 +/-        0.031395        -0.36586 +/-       0.031413
[       0.3][       0.4][       0.6][       0.7][       0.6][       0.8]     0.34896      5.8131     0.64432     0.69648   -0.033128 +/-        0.025648        -0.31418 +/-       0.025625
[       0.4][       0.5][       0.6][       0.7][       0.6][       0.8]     0.44478      7.0876     0.64494     0.68971   -0.047026 +/-        0.032947        -0.22738 +/-       0.032927
[       0.5][       0.6][       0.6][       0.7][       0.6][       0.8]     0.53626      8.2677     0.64141     0.67928   -0.062744 +/-        0.064681        -0.13738 +/-        0.06447
[       0.1][       0.2][       0.6][       0.7][       0.8][         1]     0.17519      3.1893     0.64134     0.89976   -0.014826 +/-         0.05066        -0.36982 +/-       0.050727
[       0.2][       0.3][       0.6][       0.7][       0.8][         1]     0.25103      4.4197     0.64451     0.89159   -0.022739 +/-        0.027629        -0.38839 +/-       0.027614
[       0.3][       0.4][       0.6][       0.7][       0.8][         1]     0.34602      5.8101     0.64585     0.88574   -0.035514 +/-        0.031592        -0.33914 +/-       0.031526
[       0.4][       0.5][       0.6][       0.7][       0.8][         1]     0.44015      7.1046     0.64489     0.87718   -0.050163 +/-        0.051305        -0.24806 +/-       0.051274
[       0.1][       0.2][       0.6][       0.7][         1][       1.2]     0.17403      3.1754     0.64606      1.0842   -0.014856 +/-        0.057303        -0.36453 +/-       0.057504
[       0.2][       0.3][       0.6][       0.7][         1][       1.2]      0.2484      4.3959     0.64657       1.082   -0.022668 +/-        0.038026        -0.38625 +/-       0.038103
[       0.3][       0.4][       0.6][       0.7][         1][       1.2]     0.34172      5.7964     0.64691      1.0744   -0.035096 +/-        0.054414        -0.34161 +/-       0.054437
