[      xmin][      xmax][      zmin][      zmax][     ptmin][     ptmax]         <x>       <Q^2>         <z>        <pT>        A_UT +/- dA_UT (Collins)            A_UT +/- dA_UT (Sivers)
[       0.3][       0.4][       0.2][       0.3][         0][       0.2]     0.36175      5.8784     0.26126     0.17593  -0.0025295 +/-        0.061781       -0.024005 +/-       0.061689
[       0.4][       0.5][       0.2][       0.3][         0][       0.2]     0.45025      7.0774     0.27041     0.15924  -0.0027495 +/-        0.042314       -0.016516 +/-       0.042275
[       0.5][       0.6][       0.2][       0.3][         0][       0.2]     0.54471      8.2611      0.2767     0.14325  -0.0027978 +/-        0.050859      -0.0088837 +/-       0.050914
[       0.6][       0.7][       0.2][       0.3][         0][       0.2]     0.64082      9.4159     0.28157     0.13152  -0.0027208 +/-        0.089345      -0.0035635 +/-       0.089374
[       0.1][       0.2][       0.2][       0.3][       0.2][       0.4]     0.17469      3.1817     0.24233     0.35094  -0.0018946 +/-        0.019079       -0.050421 +/-       0.019091
[       0.2][       0.3][       0.2][       0.3][       0.2][       0.4]     0.25104      4.4168     0.25219     0.33322  -0.0027626 +/-        0.010962       -0.052607 +/-       0.010964
[       0.3][       0.4][       0.2][       0.3][       0.2][       0.4]     0.34626      5.8076     0.26216     0.31394  -0.0038018 +/-        0.012317       -0.044762 +/-       0.012315
[       0.4][       0.5][       0.2][       0.3][       0.2][       0.4]     0.44325      7.1107     0.26962     0.30341  -0.0046559 +/-        0.017669       -0.031893 +/-       0.017661
[       0.5][       0.6][       0.2][       0.3][       0.2][       0.4]     0.54043      8.3373     0.27551     0.29368  -0.0051912 +/-        0.031893       -0.018313 +/-       0.031892
[       0.6][       0.7][       0.2][       0.3][       0.2][       0.4]     0.63736       9.516     0.28009      0.2851    -0.00538 +/-        0.073888      -0.0077818 +/-       0.073756
[       0.1][       0.2][       0.2][       0.3][       0.4][       0.6]      0.1721      3.1424     0.25378     0.49098  -0.0024906 +/-        0.010384       -0.075331 +/-       0.010381
[       0.2][       0.3][       0.2][       0.3][       0.4][       0.6]     0.24498      4.3456     0.25956     0.48367   -0.003576 +/-       0.0082173       -0.079891 +/-       0.008224
[       0.3][       0.4][       0.2][       0.3][       0.4][       0.6]     0.34097       5.784     0.26743      0.4712  -0.0050609 +/-        0.013659       -0.070004 +/-       0.013671
[       0.4][       0.5][       0.2][       0.3][       0.4][       0.6]      0.4388      7.1401      0.2734      0.4621  -0.0062743 +/-        0.028494       -0.050294 +/-       0.028471
[       0.5][       0.6][       0.2][       0.3][       0.4][       0.6]     0.53788      8.4022     0.27768     0.46019  -0.0071943 +/-        0.077926       -0.029161 +/-       0.077659
[       0.1][       0.2][       0.2][       0.3][       0.6][       0.8]     0.17003      3.1112       0.273     0.65395  -0.0031071 +/-        0.021987        -0.11113 +/-       0.022037
[       0.2][       0.3][       0.2][       0.3][       0.6][       0.8]     0.23864      4.2746      0.2768     0.64744  -0.0042532 +/-        0.022546        -0.11821 +/-       0.022547
[       0.3][       0.4][       0.2][       0.3][       0.6][       0.8]     0.33544      5.7788     0.28094     0.64009  -0.0059385 +/-        0.061853        -0.10375 +/-        0.06177
[       0.3][       0.4][       0.3][       0.4][         0][       0.2]     0.37472      5.9155     0.33376     0.17766  -0.0040627 +/-         0.12867       -0.040854 +/-        0.12864
[       0.4][       0.5][       0.3][       0.4][         0][       0.2]     0.45682      7.0207     0.34222     0.15928  -0.0042085 +/-        0.050368       -0.028269 +/-       0.050363
[       0.5][       0.6][       0.3][       0.4][         0][       0.2]     0.54902      8.1455     0.34578      0.1408  -0.0041633 +/-        0.045904       -0.015189 +/-       0.045861
[       0.6][       0.7][       0.3][       0.4][         0][       0.2]     0.64458      9.1911     0.34728     0.12883   -0.004113 +/-        0.066991      -0.0062889 +/-       0.067142
[       0.1][       0.2][       0.3][       0.4][       0.2][       0.4]     0.18385      3.3092     0.31653        0.38  -0.0033798 +/-          0.1221       -0.093771 +/-        0.12217
[       0.2][       0.3][       0.3][       0.4][       0.2][       0.4]     0.26246      4.5401      0.3336     0.35498  -0.0049099 +/-        0.026453       -0.099393 +/-       0.026491
[       0.3][       0.4][       0.3][       0.4][       0.2][       0.4]     0.35205      5.8244      0.3423     0.32579  -0.0062041 +/-         0.01745        -0.08254 +/-       0.017449
[       0.4][       0.5][       0.3][       0.4][       0.2][       0.4]     0.44707      7.0703     0.34569     0.30933  -0.0072868 +/-        0.018715       -0.057279 +/-       0.018726
[       0.5][       0.6][       0.3][       0.4][       0.2][       0.4]      0.5439      8.2332     0.34772     0.30108   -0.008172 +/-         0.02756         -0.0332 +/-       0.027544
[       0.6][       0.7][       0.3][       0.4][       0.2][       0.4]     0.64084      9.3177     0.34936     0.29274  -0.0086751 +/-        0.053203       -0.014761 +/-       0.053151
[       0.1][       0.2][       0.3][       0.4][       0.4][       0.6]     0.17458      3.1793     0.33901      0.5145  -0.0041959 +/-        0.018508        -0.13799 +/-       0.018517
[       0.2][       0.3][       0.3][       0.4][       0.4][       0.6]     0.25007      4.4016     0.34381     0.50179  -0.0059419 +/-        0.010948        -0.14497 +/-       0.010946
[       0.3][       0.4][       0.3][       0.4][       0.4][       0.6]     0.34581      5.7966     0.34737     0.49259  -0.0082049 +/-        0.013082        -0.12582 +/-       0.013085
[       0.4][       0.5][       0.3][       0.4][       0.4][       0.6]      0.4426      7.0948     0.35114     0.48232   -0.010093 +/-        0.020176         -0.0909 +/-       0.020167
[       0.5][       0.6][       0.3][       0.4][       0.4][       0.6]     0.54028      8.3127     0.35417     0.47421   -0.011552 +/-        0.040774       -0.053912 +/-        0.04081
[       0.6][       0.7][       0.3][       0.4][       0.4][       0.6]     0.63696      9.4153     0.35537     0.46919   -0.012559 +/-         0.11267       -0.024738 +/-        0.11303
[       0.1][       0.2][       0.3][       0.4][       0.6][       0.8]     0.17251      3.1481     0.34739     0.68508  -0.0048352 +/-        0.017163        -0.18098 +/-       0.017138
[       0.2][       0.3][       0.3][       0.4][       0.6][       0.8]     0.24543      4.3495     0.35137     0.67788  -0.0067882 +/-        0.013325        -0.19363 +/-       0.013319
[       0.3][       0.4][       0.3][       0.4][       0.6][       0.8]     0.34058       5.781     0.35787     0.66652  -0.0094915 +/-        0.022539        -0.17331 +/-       0.022523
[       0.4][       0.5][       0.3][       0.4][       0.6][       0.8]      0.4386      7.1389     0.36223     0.65985   -0.011881 +/-        0.051885        -0.12762 +/-       0.051681
[       0.5][       0.6][       0.3][       0.4][       0.6][       0.8]       0.539      8.3979     0.36366     0.65707   -0.013876 +/-         0.16131       -0.075508 +/-        0.16199
[       0.1][       0.2][       0.3][       0.4][       0.8][         1]     0.17058      3.1195       0.363     0.86025  -0.0052005 +/-        0.036534         -0.2266 +/-       0.036486
[       0.2][       0.3][       0.3][       0.4][       0.8][         1]     0.23935      4.2825     0.36793     0.85379  -0.0070821 +/-        0.036351        -0.24589 +/-       0.036302
[       0.3][       0.4][       0.3][       0.4][       0.8][         1]     0.33591      5.7779      0.3735     0.84709  -0.0099421 +/-        0.097334        -0.22301 +/-        0.09707
[       0.4][       0.5][       0.4][       0.5][         0][       0.2]      0.4625       6.997     0.44262     0.16074  -0.0062321 +/-        0.096159       -0.047307 +/-       0.096137
[       0.5][       0.6][       0.4][       0.5][         0][       0.2]     0.55108       8.107     0.44556     0.14082   -0.006107 +/-        0.073333       -0.026277 +/-       0.073279
[       0.6][       0.7][       0.4][       0.5][         0][       0.2]      0.6452       9.167      0.4469     0.12933  -0.0062809 +/-         0.10579        -0.01183 +/-        0.10563
[       0.2][       0.3][       0.4][       0.5][       0.2][       0.4]     0.27869      4.6962     0.43015     0.36955  -0.0080981 +/-          0.1143        -0.16387 +/-        0.11441
[       0.3][       0.4][       0.4][       0.5][       0.2][       0.4]     0.35858      5.8512     0.44054     0.33909  -0.0093982 +/-        0.036085        -0.13632 +/-       0.036087
[       0.4][       0.5][       0.4][       0.5][       0.2][       0.4]     0.44924       7.055     0.44489     0.31534   -0.010641 +/-        0.029841        -0.09575 +/-       0.029811
[       0.5][       0.6][       0.4][       0.5][       0.2][       0.4]     0.54534      8.2057     0.44638     0.30544   -0.012095 +/-        0.040421       -0.057143 +/-       0.040447
[       0.6][       0.7][       0.4][       0.5][       0.2][       0.4]     0.64193      9.2712     0.44731     0.29932    -0.01347 +/-        0.076521       -0.027335 +/-       0.076336
[       0.1][       0.2][       0.4][       0.5][       0.4][       0.6]     0.17935      3.2483     0.42986     0.55492   -0.006479 +/-        0.062196         -0.2233 +/-       0.062199
[       0.2][       0.3][       0.4][       0.5][       0.4][       0.6]     0.25664      4.4772     0.44015     0.51989  -0.0089744 +/-        0.022023        -0.22962 +/-       0.022028
[       0.3][       0.4][       0.4][       0.5][       0.4][       0.6]     0.34846      5.8078     0.44517     0.50065   -0.011894 +/-        0.019606        -0.19885 +/-       0.019608
[       0.4][       0.5][       0.4][       0.5][       0.4][       0.6]     0.44535      7.0769     0.44716     0.49409   -0.014771 +/-        0.025656        -0.14542 +/-       0.025665
[       0.5][       0.6][       0.4][       0.5][       0.4][       0.6]     0.54222      8.2636     0.44916     0.48665   -0.017193 +/-        0.044251       -0.088907 +/-       0.044274
[       0.6][       0.7][       0.4][       0.5][       0.4][       0.6]      0.6351      9.3686      0.4496     0.47654   -0.018982 +/-         0.10863       -0.044344 +/-        0.10874
[       0.1][       0.2][       0.4][       0.5][       0.6][       0.8]     0.17387      3.1688     0.44378     0.69629  -0.0071191 +/-         0.02799        -0.27088 +/-       0.027979
[       0.2][       0.3][       0.4][       0.5][       0.6][       0.8]     0.24921      4.3919     0.44605      0.6909  -0.0099671 +/-        0.017747        -0.28855 +/-       0.017736
[       0.3][       0.4][       0.4][       0.5][       0.6][       0.8]     0.34505      5.7938     0.44862     0.68468   -0.013825 +/-        0.022727        -0.25576 +/-       0.022745
[       0.4][       0.5][       0.4][       0.5][       0.6][       0.8]     0.44153      7.1058     0.45217      0.6755   -0.017211 +/-          0.0385        -0.18994 +/-       0.038481
[       0.5][       0.6][       0.4][       0.5][       0.6][       0.8]     0.53922      8.3292     0.45473     0.66945   -0.020314 +/-         0.09099        -0.11753 +/-       0.091001
[       0.1][       0.2][       0.4][       0.5][       0.8][         1]     0.17271      3.1512     0.44795       0.882  -0.0074376 +/-        0.034688        -0.31085 +/-       0.034703
[       0.2][       0.3][       0.4][       0.5][       0.8][         1]     0.24567      4.3528     0.45108      0.8759   -0.010291 +/-        0.026513        -0.33381 +/-       0.026547
[       0.3][       0.4][       0.4][       0.5][       0.8][         1]     0.34024      5.7794     0.45679     0.86607   -0.014273 +/-        0.045489        -0.30182 +/-       0.045445
[       0.4][       0.5][       0.4][       0.5][       0.8][         1]     0.43852      7.1424     0.46021     0.86026   -0.018037 +/-         0.11164        -0.22562 +/-        0.11104
[       0.1][       0.2][       0.4][       0.5][         1][       1.2]     0.17111       3.128     0.45787      1.0641  -0.0072531 +/-          0.0735        -0.33536 +/-       0.073608
[       0.2][       0.3][       0.4][       0.5][         1][       1.2]     0.24026       4.293      0.4625      1.0578  -0.0097902 +/-        0.070813        -0.36361 +/-       0.070156
[       0.4][       0.5][       0.5][       0.6][         0][       0.2]     0.46732      6.9873     0.54247     0.16117    -0.00774 +/-         0.16735       -0.064268 +/-        0.16807
[       0.5][       0.6][       0.5][       0.6][         0][       0.2]     0.55272      8.0716      0.5451     0.14017  -0.0075398 +/-         0.10949       -0.036493 +/-        0.10963
[       0.6][       0.7][       0.5][       0.6][         0][       0.2]     0.64342       9.143     0.54424     0.12926  -0.0078749 +/-         0.15649       -0.017482 +/-        0.15668
[       0.3][       0.4][       0.5][       0.6][       0.2][       0.4]     0.36649      5.8835     0.53934     0.34711   -0.012216 +/-        0.077042        -0.18429 +/-       0.077087
[       0.4][       0.5][       0.5][       0.6][       0.2][       0.4]     0.45213      7.0415     0.54409     0.32042   -0.013334 +/-        0.046673        -0.13079 +/-       0.046654
[       0.5][       0.6][       0.5][       0.6][       0.2][       0.4]     0.54636      8.1893     0.54569     0.30764    -0.01509 +/-         0.05763       -0.079613 +/-       0.057712
[       0.6][       0.7][       0.5][       0.6][       0.2][       0.4]     0.63744      9.2281     0.54361     0.29944   -0.016875 +/-         0.11307       -0.040862 +/-         0.1133
[       0.2][       0.3][       0.5][       0.6][       0.4][       0.6]     0.26754       4.595     0.53683     0.53806   -0.012178 +/-        0.053667         -0.3073 +/-       0.053756
[       0.3][       0.4][       0.5][       0.6][       0.4][       0.6]     0.35177      5.8221     0.54361     0.50826   -0.015014 +/-         0.03105        -0.26324 +/-       0.031099
[       0.4][       0.5][       0.5][       0.6][       0.4][       0.6]     0.44669      7.0701     0.54589      0.4983   -0.018412 +/-        0.035209        -0.19422 +/-       0.035247
[       0.5][       0.6][       0.5][       0.6][       0.4][       0.6]     0.54366      8.2299     0.54694     0.49343   -0.021875 +/-        0.056551        -0.12106 +/-       0.056615
[       0.6][       0.7][       0.5][       0.6][       0.4][       0.6]     0.62643      9.2764     0.54206     0.47771   -0.023688 +/-         0.14795       -0.066195 +/-        0.14742
[       0.1][       0.2][       0.5][       0.6][       0.6][       0.8]     0.17756      3.2241     0.53688     0.72306  -0.0093116 +/-        0.061387        -0.35171 +/-       0.061341
[       0.2][       0.3][       0.5][       0.6][       0.6][       0.8]     0.25245      4.4298     0.54373     0.69921   -0.012797 +/-        0.027877        -0.36949 +/-       0.027865
[       0.3][       0.4][       0.5][       0.6][       0.6][       0.8]      0.3473      5.8033     0.54638     0.69123   -0.017559 +/-        0.029559        -0.32762 +/-       0.029547
[       0.4][       0.5][       0.5][       0.6][       0.6][       0.8]     0.44404      7.0816     0.54805      0.6858   -0.022064 +/-        0.042728        -0.24424 +/-       0.042716
[       0.5][       0.6][       0.5][       0.6][       0.6][       0.8]      0.5382       8.283     0.54861     0.67555   -0.025747 +/-        0.085759        -0.15524 +/-       0.085929
[       0.1][       0.2][       0.5][       0.6][       0.8][         1]     0.17353      3.1638      0.5459     0.88824  -0.0097043 +/-        0.048331        -0.38325 +/-       0.048412
[       0.2][       0.3][       0.5][       0.6][       0.8][         1]     0.24882      4.3875     0.54712     0.88523   -0.013492 +/-        0.032226        -0.40979 +/-       0.032239
[       0.3][       0.4][       0.5][       0.6][       0.8][         1]     0.34439      5.7915     0.54943     0.87974    -0.01869 +/-        0.043094        -0.36683 +/-       0.043155
[       0.4][       0.5][       0.5][       0.6][       0.8][         1]     0.44003      7.1063     0.55233     0.87064   -0.023327 +/-        0.079012        -0.27701 +/-       0.079163
[       0.1][       0.2][       0.5][       0.6][         1][       1.2]     0.17274      3.1516     0.54856      1.0787  -0.0096069 +/-        0.072402        -0.39083 +/-       0.072381
[       0.2][       0.3][       0.5][       0.6][         1][       1.2]     0.24584      4.3544     0.55105      1.0743   -0.013191 +/-         0.05505        -0.41994 +/-        0.05533
[       0.3][       0.4][       0.5][       0.6][         1][       1.2]      0.3397      5.7728     0.55589      1.0654   -0.018157 +/-        0.095879        -0.38139 +/-       0.095608
[       0.5][       0.6][       0.6][       0.7][         0][       0.2]      0.5543       8.051     0.64403     0.13971  -0.0082827 +/-         0.15728       -0.044086 +/-         0.1574
[       0.6][       0.7][       0.6][       0.7][         0][       0.2]     0.62773      9.0413     0.63144     0.12895  -0.0083187 +/-         0.29072       -0.024157 +/-        0.28964
[       0.3][       0.4][       0.6][       0.7][       0.2][       0.4]     0.37379      5.9132      0.6385     0.35276   -0.014169 +/-         0.16704        -0.22022 +/-        0.16621
[       0.4][       0.5][       0.6][       0.7][       0.2][       0.4]     0.45494      7.0229     0.64277     0.32417   -0.015008 +/-        0.073516        -0.15704 +/-       0.073344
[       0.5][       0.6][       0.6][       0.7][       0.2][       0.4]     0.54625      8.1651     0.64364     0.30878   -0.016665 +/-         0.08228        -0.09688 +/-       0.082207
[       0.6][       0.7][       0.6][       0.7][       0.2][       0.4]     0.62171      9.1674     0.62909      0.2927    -0.01739 +/-         0.22933       -0.054541 +/-        0.22912
[       0.2][       0.3][       0.6][       0.7][       0.4][       0.6]      0.2782      4.6932     0.63434     0.55158   -0.014973 +/-         0.15477        -0.36675 +/-        0.15423
[       0.3][       0.4][       0.6][       0.7][       0.4][       0.6]     0.35655      5.8419     0.64191     0.51692   -0.017374 +/-        0.052434        -0.31086 +/-       0.052451
[       0.4][       0.5][       0.6][       0.7][       0.4][       0.6]      0.4478      7.0624     0.64457     0.50125   -0.020618 +/-        0.049632        -0.23006 +/-       0.049613
[       0.5][       0.6][       0.6][       0.7][       0.4][       0.6]     0.53975      8.1932     0.64128     0.49169   -0.023952 +/-        0.079604        -0.14688 +/-       0.079717
[       0.2][       0.3][       0.6][       0.7][       0.6][       0.8]     0.25962      4.5109     0.64053     0.71308   -0.015384 +/-        0.051129        -0.42866 +/-       0.050958
[       0.3][       0.4][       0.6][       0.7][       0.6][       0.8]     0.34867      5.8079      0.6448     0.69489   -0.020066 +/-        0.041248        -0.37821 +/-       0.041214
[       0.4][       0.5][       0.6][       0.7][       0.6][       0.8]     0.44493        7.07     0.64542     0.68986   -0.025183 +/-        0.054585        -0.28292 +/-       0.054807
[       0.5][       0.6][       0.6][       0.7][       0.6][       0.8]     0.52713      8.1738     0.63416     0.66784   -0.027932 +/-         0.13163        -0.18923 +/-         0.1313
[       0.1][       0.2][       0.6][       0.7][       0.8][         1]     0.17576       3.198     0.64177     0.90051   -0.011543 +/-        0.081958        -0.43257 +/-       0.082024
[       0.2][       0.3][       0.6][       0.7][       0.8][         1]     0.25042      4.4053     0.64535     0.88969   -0.015903 +/-        0.044367         -0.4602 +/-       0.044368
[       0.3][       0.4][       0.6][       0.7][       0.8][         1]     0.34647       5.799     0.64652     0.88575   -0.022039 +/-        0.051843        -0.41062 +/-        0.05186
[       0.4][       0.5][       0.6][       0.7][       0.8][         1]     0.43509      7.0244     0.64153     0.86907   -0.026609 +/-        0.091809        -0.31618 +/-       0.092058
[       0.1][       0.2][       0.6][       0.7][         1][       1.2]     0.17323      3.1586     0.64688      1.0843   -0.011689 +/-        0.091957         -0.4249 +/-       0.092196
[       0.2][       0.3][       0.6][       0.7][         1][       1.2]     0.24835      4.3812     0.64755       1.082   -0.016164 +/-         0.06294        -0.45466 +/-       0.063111
[       0.3][       0.4][       0.6][       0.7][         1][       1.2]     0.33892      5.7357     0.64511      1.0687   -0.021702 +/-        0.093861         -0.4132 +/-       0.094101
