[      xmin][      xmax][      zmin][      zmax][     ptmin][     ptmax]         <x>       <Q^2>         <z>        <pT>        A_UT +/- dA_UT (Collins)            A_UT +/- dA_UT (Sivers)
[       0.3][       0.4][       0.2][       0.3][         0][       0.2]     0.36141      5.8822     0.25942     0.17611    0.006213 +/-        0.074359       -0.026475 +/-       0.074654
[       0.4][       0.5][       0.2][       0.3][         0][       0.2]     0.44972      7.0814     0.26881     0.15956   0.0065076 +/-        0.052366       -0.017233 +/-       0.052278
[       0.5][       0.6][       0.2][       0.3][         0][       0.2]     0.54458      8.2719     0.27551     0.14342   0.0064434 +/-        0.063606      -0.0088368 +/-       0.063512
[       0.6][       0.7][       0.2][       0.3][         0][       0.2]     0.64027      9.4246     0.28053     0.13185   0.0061014 +/-         0.11029      -0.0033807 +/-        0.11008
[       0.1][       0.2][       0.2][       0.3][       0.2][       0.4]     0.17454      3.1796     0.24045     0.35019   0.0053329 +/-        0.022946       -0.061427 +/-       0.022929
[       0.2][       0.3][       0.2][       0.3][       0.2][       0.4]     0.25051      4.4109     0.24984     0.33257   0.0071299 +/-        0.013185       -0.060578 +/-       0.013184
[       0.3][       0.4][       0.2][       0.3][       0.2][       0.4]     0.34577      5.8054     0.25996     0.31388   0.0092954 +/-        0.014967       -0.048846 +/-       0.014976
[       0.4][       0.5][       0.2][       0.3][       0.2][       0.4]     0.44277      7.1127     0.26784     0.30342     0.01101 +/-         0.02178       -0.033227 +/-       0.021791
[       0.5][       0.6][       0.2][       0.3][       0.2][       0.4]     0.54001      8.3438      0.2741     0.29358    0.011958 +/-        0.039536       -0.018284 +/-        0.03957
[       0.6][       0.7][       0.2][       0.3][       0.2][       0.4]     0.63734      9.5278     0.27901     0.28477    0.012076 +/-        0.091822      -0.0073781 +/-       0.091535
[       0.1][       0.2][       0.2][       0.3][       0.4][       0.6]     0.17199      3.1406     0.25139     0.49019   0.0067064 +/-        0.012575       -0.087245 +/-       0.012578
[       0.2][       0.3][       0.2][       0.3][       0.4][       0.6]     0.24457      4.3407     0.25701     0.48273   0.0090157 +/-       0.0099527       -0.088851 +/-      0.0099483
[       0.3][       0.4][       0.2][       0.3][       0.4][       0.6]     0.34053      5.7809     0.26511     0.47013    0.012153 +/-        0.016682       -0.074135 +/-       0.016678
[       0.4][       0.5][       0.2][       0.3][       0.4][       0.6]     0.43841      7.1398     0.27157     0.46166    0.014656 +/-        0.035356       -0.051203 +/-       0.035392
[       0.5][       0.6][       0.2][       0.3][       0.4][       0.6]     0.53757      8.4059     0.27619     0.45938    0.016441 +/-         0.09683       -0.028635 +/-       0.096559
[       0.1][       0.2][       0.2][       0.3][       0.6][       0.8]     0.16983      3.1079     0.27146     0.65287   0.0078011 +/-        0.026985         -0.1197 +/-       0.026902
[       0.2][       0.3][       0.2][       0.3][       0.6][       0.8]     0.23833      4.2702     0.27527     0.64671    0.010189 +/-        0.027682        -0.12291 +/-       0.027662
[       0.3][       0.4][       0.2][       0.3][       0.6][       0.8]     0.33518      5.7772     0.27953     0.63967     0.01375 +/-        0.077324        -0.10378 +/-       0.077008
[       0.3][       0.4][       0.3][       0.4][         0][       0.2]     0.37405      5.9112     0.32949     0.17743   0.0079349 +/-         0.17155       -0.031939 +/-        0.17222
[       0.4][       0.5][       0.3][       0.4][         0][       0.2]      0.4562      7.0168     0.33699     0.15927   0.0079331 +/-        0.066592       -0.020601 +/-        0.06673
[       0.5][       0.6][       0.3][       0.4][         0][       0.2]     0.54859      8.1388      0.3402     0.14046   0.0075507 +/-        0.059362       -0.010276 +/-       0.059216
[       0.6][       0.7][       0.3][       0.4][         0][       0.2]     0.64416      9.1917     0.34126     0.12838   0.0070693 +/-        0.082351      -0.0038024 +/-       0.082502
[       0.1][       0.2][       0.3][       0.4][       0.2][       0.4]      0.1838      3.3093     0.31537     0.37976   0.0071056 +/-         0.15272       -0.085105 +/-        0.15306
[       0.2][       0.3][       0.3][       0.4][       0.2][       0.4]     0.26142      4.5264        0.33     0.35442    0.009548 +/-        0.034445       -0.081061 +/-         0.0344
[       0.3][       0.4][       0.3][       0.4][       0.2][       0.4]     0.35138       5.817     0.33734     0.32503    0.011797 +/-        0.023398       -0.062692 +/-       0.023405
[       0.4][       0.5][       0.3][       0.4][       0.2][       0.4]     0.44666      7.0666     0.34027     0.30902    0.013613 +/-        0.025089       -0.041224 +/-       0.025095
[       0.5][       0.6][       0.3][       0.4][       0.2][       0.4]     0.54364      8.2311     0.34212     0.30038    0.014729 +/-        0.035775       -0.022297 +/-       0.035804
[       0.6][       0.7][       0.3][       0.4][       0.2][       0.4]     0.64058      9.3183     0.34359     0.29236    0.014832 +/-        0.066074      -0.0088604 +/-       0.066099
[       0.1][       0.2][       0.3][       0.4][       0.4][       0.6]      0.1741      3.1711     0.33546     0.51331   0.0079925 +/-        0.023579        -0.11477 +/-       0.023567
[       0.2][       0.3][       0.3][       0.4][       0.4][       0.6]      0.2493      4.3905     0.33925     0.50118    0.011175 +/-        0.014357        -0.11444 +/-       0.014361
[       0.3][       0.4][       0.3][       0.4][       0.4][       0.6]      0.3452      5.7891     0.34224     0.49179    0.015386 +/-        0.017649       -0.094213 +/-       0.017664
[       0.4][       0.5][       0.3][       0.4][       0.4][       0.6]     0.44214      7.0921     0.34569     0.48118    0.018533 +/-        0.027272       -0.064178 +/-       0.027247
[       0.5][       0.6][       0.3][       0.4][       0.4][       0.6]     0.53993      8.3111     0.34864     0.47301    0.020431 +/-        0.053897       -0.035376 +/-       0.053855
[       0.6][       0.7][       0.3][       0.4][       0.4][       0.6]     0.63689      9.4136     0.34953     0.46876    0.021099 +/-         0.14198       -0.014456 +/-        0.14164
[       0.1][       0.2][       0.3][       0.4][       0.6][       0.8]     0.17205      3.1405     0.34341      0.6844   0.0089022 +/-        0.022029        -0.14702 +/-       0.022027
[       0.2][       0.3][       0.3][       0.4][       0.6][       0.8]     0.24449      4.3361     0.34678     0.67666    0.012401 +/-         0.01766        -0.14951 +/-       0.017655
[       0.3][       0.4][       0.3][       0.4][       0.6][       0.8]     0.33988      5.7743     0.35321     0.66542    0.017249 +/-        0.030984        -0.12581 +/-       0.030918
[       0.4][       0.5][       0.3][       0.4][       0.6][       0.8]     0.43831      7.1393     0.35743     0.65824    0.021231 +/-        0.071958       -0.087002 +/-        0.07192
[       0.5][       0.6][       0.3][       0.4][       0.6][       0.8]     0.53862       8.401     0.35863     0.65635    0.023905 +/-         0.22306        -0.04796 +/-         0.2229
[       0.1][       0.2][       0.3][       0.4][       0.8][         1]     0.16991      3.1082      0.3598     0.85886   0.0089815 +/-        0.047465        -0.17589 +/-       0.047621
[       0.2][       0.3][       0.3][       0.4][       0.8][         1]      0.2382      4.2652     0.36475     0.85247    0.012241 +/-        0.049296        -0.18156 +/-       0.049231
[       0.3][       0.4][       0.3][       0.4][       0.8][         1]     0.33553      5.7766     0.37031     0.84572    0.017381 +/-          0.1387        -0.15498 +/-        0.13911
[       0.4][       0.5][       0.4][       0.5][         0][       0.2]     0.46137      6.9833     0.43703     0.16025   0.0093173 +/-         0.15658       -0.025308 +/-        0.15821
[       0.5][       0.6][       0.4][       0.5][         0][       0.2]     0.55068      8.1089     0.43926     0.14058   0.0086791 +/-         0.11146       -0.012726 +/-        0.11166
[       0.6][       0.7][       0.4][       0.5][         0][       0.2]     0.64503      9.1619     0.44056     0.12971   0.0081644 +/-         0.14239      -0.0047873 +/-        0.14223
[       0.2][       0.3][       0.4][       0.5][       0.2][       0.4]     0.27762      4.6839     0.42622     0.36907    0.011763 +/-         0.17687       -0.099907 +/-        0.17718
[       0.3][       0.4][       0.4][       0.5][       0.2][       0.4]     0.35732       5.837     0.43533     0.33863       0.014 +/-        0.059382       -0.078183 +/-       0.059261
[       0.4][       0.5][       0.4][       0.5][       0.2][       0.4]     0.44867      7.0502     0.43892       0.315    0.015898 +/-         0.04919       -0.051356 +/-       0.049061
[       0.5][       0.6][       0.4][       0.5][       0.2][       0.4]     0.54496      8.2052     0.44029     0.30577    0.017238 +/-        0.062098       -0.027825 +/-       0.062182
[       0.6][       0.7][       0.4][       0.5][       0.2][       0.4]     0.64176       9.262      0.4412     0.29902    0.017488 +/-         0.10361         -0.0111 +/-        0.10328
[       0.1][       0.2][       0.4][       0.5][       0.4][       0.6]     0.17845      3.2342     0.42671     0.55408   0.0084561 +/-        0.085237          -0.143 +/-       0.085597
[       0.2][       0.3][       0.4][       0.5][       0.4][       0.6]     0.25502      4.4539     0.43545     0.51921    0.012303 +/-        0.033457         -0.1379 +/-       0.033481
[       0.3][       0.4][       0.4][       0.5][       0.4][       0.6]     0.34755      5.7965     0.43961     0.50024     0.01746 +/-        0.032382        -0.11334 +/-       0.032398
[       0.4][       0.5][       0.4][       0.5][       0.4][       0.6]     0.44467      7.0709       0.441     0.49355    0.021944 +/-        0.042547       -0.077932 +/-         0.0426
[       0.5][       0.6][       0.4][       0.5][       0.4][       0.6]     0.54181      8.2637     0.44255     0.48587    0.024303 +/-        0.068798       -0.043042 +/-       0.068633
[       0.6][       0.7][       0.4][       0.5][       0.4][       0.6]     0.63517      9.3683     0.44311     0.47562     0.02464 +/-         0.14984       -0.018077 +/-        0.14985
[       0.1][       0.2][       0.4][       0.5][       0.6][       0.8]     0.17292      3.1524     0.43975     0.69544    0.008669 +/-        0.038745        -0.16852 +/-       0.038774
[       0.2][       0.3][       0.4][       0.5][       0.6][       0.8]      0.2477      4.3691     0.44104     0.69084    0.013291 +/-        0.026973        -0.17187 +/-       0.026955
[       0.3][       0.4][       0.4][       0.5][       0.6][       0.8]     0.34401      5.7801     0.44289     0.68395    0.020036 +/-         0.03767        -0.14517 +/-       0.037711
[       0.4][       0.5][       0.4][       0.5][       0.6][       0.8]     0.44074      7.0998     0.44607     0.67429    0.025264 +/-        0.064709        -0.10113 +/-        0.06463
[       0.5][       0.6][       0.4][       0.5][       0.6][       0.8]     0.53873      8.3289     0.44801      0.6696     0.02843 +/-         0.14436        -0.05657 +/-        0.14446
[       0.1][       0.2][       0.4][       0.5][       0.8][         1]     0.17175      3.1345     0.44371     0.88155   0.0088471 +/-        0.048434        -0.19216 +/-        0.04835
[       0.2][       0.3][       0.4][       0.5][       0.8][         1]     0.24396       4.327     0.44587     0.87524     0.01335 +/-        0.040548        -0.19723 +/-        0.04056
[       0.3][       0.4][       0.4][       0.5][       0.8][         1]     0.33894      5.7642     0.45097     0.86478    0.020112 +/-        0.076991        -0.16913 +/-       0.076915
[       0.1][       0.2][       0.4][       0.5][         1][       1.2]     0.16984       3.106     0.45417      1.0634     0.00816 +/-         0.10327        -0.20328 +/-        0.10279
[       0.2][       0.3][       0.4][       0.5][         1][       1.2]     0.23853      4.2655     0.45874      1.0574    0.012044 +/-          0.1083        -0.21053 +/-        0.10834
[       0.3][       0.4][       0.5][       0.6][       0.2][       0.4]     0.36524      5.8698     0.53504     0.34706    0.014639 +/-         0.16578       -0.088232 +/-        0.16519
[       0.4][       0.5][       0.5][       0.6][       0.2][       0.4]     0.45118      7.0321     0.53846     0.32058    0.016929 +/-         0.10254        -0.05934 +/-        0.10264
[       0.5][       0.6][       0.5][       0.6][       0.2][       0.4]     0.54596       8.186     0.53999     0.30778    0.018392 +/-         0.11554       -0.032371 +/-        0.11595
[       0.6][       0.7][       0.5][       0.6][       0.2][       0.4]     0.63798       9.223     0.53784     0.30096    0.018668 +/-          0.1873       -0.013581 +/-        0.18876
[       0.2][       0.3][       0.5][       0.6][       0.4][       0.6]     0.26524      4.5629     0.53311     0.53877    0.011807 +/-        0.097339        -0.15254 +/-       0.097332
[       0.3][       0.4][       0.5][       0.6][       0.4][       0.6]     0.35009      5.8001     0.53902     0.50815    0.017356 +/-        0.065738          -0.126 +/-       0.065481
[       0.4][       0.5][       0.5][       0.6][       0.4][       0.6]     0.44585      7.0612     0.54044     0.49818    0.023253 +/-        0.077844       -0.088199 +/-       0.078067
[       0.5][       0.6][       0.5][       0.6][       0.4][       0.6]     0.54344      8.2336     0.54088      0.4929    0.026572 +/-         0.11394       -0.049202 +/-        0.11305
[       0.1][       0.2][       0.5][       0.6][       0.6][       0.8]     0.17623      3.2017     0.53389     0.72213   0.0068996 +/-        0.091868        -0.18202 +/-       0.091872
[       0.2][       0.3][       0.5][       0.6][       0.6][       0.8]     0.24983        4.39     0.53973     0.69935    0.011563 +/-         0.04881        -0.18239 +/-       0.048837
[       0.3][       0.4][       0.5][       0.6][       0.6][       0.8]     0.34563      5.7791     0.54151     0.69105    0.020002 +/-        0.062797        -0.15654 +/-       0.062469
[       0.4][       0.5][       0.5][       0.6][       0.6][       0.8]     0.44322      7.0709     0.54257     0.68535    0.027719 +/-        0.095449        -0.11091 +/-       0.095002
[       0.5][       0.6][       0.5][       0.6][       0.6][       0.8]     0.53816      8.2831     0.54297     0.67569     0.03138 +/-         0.17321       -0.063507 +/-        0.17413
[       0.1][       0.2][       0.5][       0.6][       0.8][         1]     0.17181      3.1334     0.54296     0.88779   0.0067182 +/-        0.072558        -0.19657 +/-       0.072542
[       0.2][       0.3][       0.5][       0.6][       0.8][         1]     0.24641      4.3502     0.54285     0.88486    0.011891 +/-        0.056172        -0.20172 +/-       0.056239
[       0.3][       0.4][       0.5][       0.6][       0.8][         1]      0.3429      5.7713     0.54464     0.87916    0.020936 +/-        0.091521        -0.17488 +/-       0.091052
[       0.2][       0.3][       0.5][       0.6][         1][       1.2]     0.24322      4.3132       0.547      1.0732    0.011243 +/-        0.095696        -0.20614 +/-        0.09601
[       0.3][       0.4][       0.6][       0.7][       0.4][       0.6]     0.35426      5.8118     0.63879     0.51707     0.01572 +/-         0.13616        -0.13308 +/-        0.13586
[       0.4][       0.5][       0.6][       0.7][       0.4][       0.6]     0.44647      7.0478     0.64137     0.50152     0.02269 +/-         0.14112       -0.095334 +/-        0.14142
[       0.2][       0.3][       0.6][       0.7][       0.6][       0.8]     0.25646      4.4641     0.63798     0.71416   0.0091537 +/-        0.099782        -0.18789 +/-       0.099638
[       0.3][       0.4][       0.6][       0.7][       0.6][       0.8]     0.34664      5.7806     0.64181     0.69488    0.017605 +/-         0.10533        -0.16168 +/-        0.10544
[       0.4][       0.5][       0.6][       0.7][       0.6][       0.8]     0.44357      7.0555     0.64253     0.69081    0.027591 +/-         0.15508         -0.1175 +/-        0.15554
[       0.2][       0.3][       0.6][       0.7][       0.8][         1]     0.24702      4.3522      0.6429     0.89058   0.0089054 +/-        0.084785        -0.20192 +/-       0.084421
[       0.3][       0.4][       0.6][       0.7][       0.8][         1]     0.34394      5.7598     0.64366     0.88542    0.019073 +/-         0.13007         -0.1757 +/-         0.1302
