[      xmin][      xmax][      zmin][      zmax][     ptmin][     ptmax]         <x>       <Q^2>         <z>        <pT>        A_UT +/- dA_UT (Collins)            A_UT +/- dA_UT (Sivers)
[       0.2][       0.3][      0.25][      0.35][         0][       0.2]     0.27102      3.5665     0.31358     0.17989   0.0064527 +/-         0.10107       -0.040275 +/-        0.10122
[       0.3][       0.4][      0.25][      0.35][         0][       0.2]     0.35072      4.4612     0.32399     0.16223   0.0070822 +/-        0.052572       -0.031128 +/-       0.052548
[       0.4][       0.5][      0.25][      0.35][         0][       0.2]     0.44276      5.4383     0.33137     0.14471   0.0073159 +/-        0.063599        -0.01978 +/-       0.063711
[       0.5][       0.6][      0.25][      0.35][         0][       0.2]     0.53804      6.4352     0.33628     0.13226   0.0071473 +/-          0.1232       -0.010363 +/-        0.12311
[       0.1][       0.2][      0.25][      0.35][       0.2][       0.4]      0.1702      2.4268     0.30157     0.33771   0.0067246 +/-        0.019241        -0.07189 +/-       0.019239
[       0.2][       0.3][      0.25][      0.35][       0.2][       0.4]     0.24685      3.3779       0.311     0.31853   0.0090079 +/-        0.014012       -0.070971 +/-       0.014013
[       0.3][       0.4][      0.25][      0.35][       0.2][       0.4]     0.34201      4.4411     0.32177      0.3044    0.011764 +/-        0.020204       -0.058346 +/-       0.020209
[       0.4][       0.5][      0.25][      0.35][       0.2][       0.4]     0.43815      5.4571     0.32954     0.29248    0.013529 +/-        0.039503       -0.039839 +/-       0.039555
[       0.5][       0.6][      0.25][      0.35][       0.2][       0.4]     0.53486      6.4587     0.33506     0.28217    0.014181 +/-         0.10289       -0.022087 +/-        0.10287
[       0.1][       0.2][      0.25][      0.35][       0.4][       0.6]     0.16672      2.3858     0.30823      0.4828   0.0085094 +/-        0.013538        -0.10117 +/-       0.013554
[       0.2][       0.3][      0.25][      0.35][       0.4][       0.6]     0.24009      3.3221     0.31484     0.47099    0.011516 +/-        0.014159        -0.10381 +/-       0.014157
[       0.3][       0.4][      0.25][      0.35][       0.4][       0.6]     0.33653      4.4321     0.32366     0.45916    0.015495 +/-        0.032809       -0.087442 +/-       0.032823
[       0.4][       0.5][      0.25][      0.35][       0.4][       0.6]     0.43584      5.4791     0.33025     0.45771    0.018786 +/-         0.10807       -0.061257 +/-        0.10788
[       0.1][       0.2][      0.25][      0.35][       0.6][       0.8]     0.16225      2.3333     0.32607     0.64005   0.0096219 +/-         0.04203        -0.13326 +/-       0.041977
[       0.2][       0.3][      0.25][      0.35][       0.6][       0.8]     0.23278      3.2695     0.32918     0.63533    0.012771 +/-        0.068051        -0.13979 +/-       0.067982
[       0.2][       0.3][      0.35][      0.45][         0][       0.2]     0.28144      3.6048     0.37871     0.18012   0.0075086 +/-          0.2102       -0.046642 +/-        0.20926
[       0.3][       0.4][      0.35][      0.45][         0][       0.2]     0.35914      4.4481     0.38733     0.15987   0.0080518 +/-        0.056013       -0.034959 +/-          0.056
[       0.4][       0.5][      0.35][      0.45][         0][       0.2]     0.44973      5.3232     0.39061     0.13859   0.0081522 +/-        0.044715       -0.021266 +/-       0.044695
[       0.5][       0.6][      0.35][      0.45][         0][       0.2]     0.54476      6.1683       0.394     0.12684   0.0081106 +/-        0.058598       -0.010934 +/-       0.058571
[       0.6][       0.7][      0.35][      0.45][         0][       0.2]     0.63613       6.997     0.39646     0.12176   0.0078451 +/-         0.10836      -0.0045589 +/-        0.10824
[       0.1][       0.2][      0.35][      0.45][       0.2][       0.4]     0.17564      2.4852     0.38006     0.36082   0.0076686 +/-        0.046765        -0.09229 +/-         0.0468
[       0.2][       0.3][      0.35][      0.45][       0.2][       0.4]     0.25396      3.4252     0.38729     0.32968    0.010424 +/-        0.020969       -0.086578 +/-       0.020948
[       0.3][       0.4][      0.35][      0.45][       0.2][       0.4]      0.3475      4.4284     0.39045     0.30867    0.013627 +/-         0.02074       -0.068299 +/-       0.020747
[       0.4][       0.5][      0.35][      0.45][       0.2][       0.4]     0.44379      5.3628     0.39258     0.29688    0.015979 +/-        0.028816       -0.045769 +/-       0.028801
[       0.5][       0.6][      0.35][      0.45][       0.2][       0.4]     0.54074      6.2389     0.39545     0.28661    0.016977 +/-        0.053295       -0.024895 +/-       0.053369
[       0.6][       0.7][      0.35][      0.45][       0.2][       0.4]     0.62924      7.0563     0.39642     0.27553    0.016578 +/-         0.14134       -0.010839 +/-        0.14159
[       0.1][       0.2][      0.35][      0.45][       0.4][       0.6]     0.16892      2.4094     0.39044     0.50088   0.0090653 +/-        0.017869        -0.12358 +/-       0.017873
[       0.2][       0.3][      0.35][      0.45][       0.4][       0.6]     0.24567      3.3598     0.39254     0.49215    0.013219 +/-        0.014689         -0.1257 +/-       0.014684
[       0.3][       0.4][      0.35][      0.45][       0.4][       0.6]     0.34134      4.4211     0.39641     0.47721    0.018317 +/-        0.023699         -0.1042 +/-       0.023732
[       0.4][       0.5][      0.35][      0.45][       0.4][       0.6]     0.43948      5.4052      0.3992     0.46846     0.02229 +/-        0.052425       -0.071559 +/-        0.05241
[       0.5][       0.6][      0.35][      0.45][       0.4][       0.6]     0.53886       6.287     0.39993      0.4669    0.024765 +/-         0.15701       -0.039721 +/-        0.15688
[       0.1][       0.2][      0.35][      0.45][       0.6][       0.8]     0.16597      2.3757     0.39928     0.67161    0.010161 +/-        0.022905         -0.1567 +/-       0.022903
[       0.2][       0.3][      0.35][      0.45][       0.6][       0.8]     0.23815      3.3034     0.40425     0.66123     0.01443 +/-        0.026546        -0.16244 +/-       0.026527
[       0.3][       0.4][      0.35][      0.45][       0.6][       0.8]     0.33663      4.4345     0.40904     0.65208    0.020874 +/-        0.076787        -0.13821 +/-       0.076865
[       0.4][       0.5][      0.35][      0.45][       0.6][       0.8]     0.43779      5.4668     0.41161     0.64746    0.026318 +/-         0.30629       -0.095659 +/-        0.30689
[       0.1][       0.2][      0.35][      0.45][       0.8][         1]     0.16154      2.3241     0.42028     0.84387    0.010051 +/-         0.08304        -0.18318 +/-        0.08308
[       0.2][       0.3][      0.35][      0.45][       0.8][         1]     0.23166      3.2585     0.42406     0.83911     0.01417 +/-         0.14586        -0.19364 +/-        0.14445
[       0.3][       0.4][      0.45][      0.55][         0][       0.2]     0.36462      4.4504     0.48701     0.16145   0.0086064 +/-         0.12612       -0.041171 +/-        0.12636
[       0.4][       0.5][      0.45][      0.55][         0][       0.2]     0.45148      5.3075     0.48971     0.13895   0.0088296 +/-        0.083258       -0.025399 +/-       0.083159
[       0.5][       0.6][      0.45][      0.55][         0][       0.2]     0.54634      6.1291     0.49021      0.1272   0.0089077 +/-        0.098979       -0.013034 +/-       0.098786
[       0.6][       0.7][      0.45][      0.55][         0][       0.2]     0.62723      6.8881      0.4851     0.12302   0.0086384 +/-         0.19558      -0.0060008 +/-        0.19637
[       0.2][       0.3][      0.45][      0.55][       0.2][       0.4]     0.26106      3.4768     0.48548     0.34316    0.010508 +/-        0.049965        -0.10227 +/-       0.049996
[       0.3][       0.4][      0.45][      0.55][       0.2][       0.4]     0.34942      4.4264      0.4894      0.3145    0.014236 +/-        0.039032       -0.080711 +/-       0.039048
[       0.4][       0.5][      0.45][      0.55][       0.2][       0.4]     0.44546      5.3484      0.4905     0.30348    0.017694 +/-        0.048931       -0.054932 +/-        0.04898
[       0.5][       0.6][      0.45][      0.55][       0.2][       0.4]     0.54219       6.197     0.49137     0.29438    0.019167 +/-        0.079762       -0.030133 +/-       0.079925
[       0.6][       0.7][      0.45][      0.55][       0.2][       0.4]     0.62071      6.9902     0.48445     0.27682    0.018076 +/-          0.2285       -0.013993 +/-        0.22949
[       0.1][       0.2][      0.45][      0.55][       0.4][       0.6]     0.17116      2.4341     0.48747     0.51813   0.0077996 +/-        0.035878        -0.14193 +/-       0.035896
[       0.2][       0.3][      0.45][      0.55][       0.4][       0.6]     0.24811      3.3756     0.49045     0.50127    0.012504 +/-        0.024546        -0.14258 +/-       0.024538
[       0.3][       0.4][      0.45][      0.55][       0.4][       0.6]     0.34418      4.4184     0.49202     0.49181    0.019502 +/-        0.034314        -0.12067 +/-       0.034286
[       0.4][       0.5][      0.45][      0.55][       0.4][       0.6]     0.44104      5.3822     0.49391     0.48109    0.024916 +/-        0.060848       -0.084107 +/-       0.060845
[       0.5][       0.6][      0.45][      0.55][       0.4][       0.6]     0.53536      6.2477     0.49355     0.47143    0.027431 +/-         0.14879       -0.047938 +/-        0.14856
[       0.1][       0.2][      0.45][      0.55][       0.6][       0.8]     0.16772      2.3944     0.49278     0.69065   0.0086874 +/-        0.029475        -0.17279 +/-        0.02943
[       0.2][       0.3][      0.45][      0.55][       0.6][       0.8]     0.24305      3.3363     0.49447     0.68246    0.014087 +/-        0.028138        -0.17843 +/-       0.028141
[       0.3][       0.4][      0.45][      0.55][       0.6][       0.8]      0.3388      4.4159     0.49814     0.66945    0.022184 +/-        0.058281        -0.15347 +/-       0.058439
[       0.4][       0.5][      0.45][      0.55][       0.6][       0.8]     0.43827      5.4166     0.49926      0.6642    0.029535 +/-         0.16912        -0.10827 +/-        0.16922
[       0.1][       0.2][      0.45][      0.55][       0.8][         1]     0.16476      2.3604     0.50035     0.86834   0.0087239 +/-        0.047822        -0.19275 +/-       0.047849
[       0.2][       0.3][      0.45][      0.55][       0.8][         1]     0.23608      3.2838     0.50449     0.85944    0.013675 +/-         0.06221        -0.20159 +/-       0.062224
[       0.4][       0.5][      0.55][      0.65][         0][       0.2]     0.45245      5.2877     0.59045     0.13932   0.0086958 +/-         0.15692       -0.028529 +/-        0.15665
[       0.5][       0.6][      0.55][      0.65][         0][       0.2]     0.54263      6.1121     0.58761     0.12807   0.0090035 +/-         0.18586       -0.015377 +/-        0.18656
[       0.2][       0.3][      0.55][      0.65][       0.2][       0.4]     0.27019      3.5401     0.58581     0.35137   0.0087051 +/-         0.12403        -0.11077 +/-        0.12383
[       0.3][       0.4][      0.55][      0.65][       0.2][       0.4]     0.35154      4.4244     0.58987     0.31979    0.012835 +/-        0.074405       -0.088521 +/-       0.074408
[       0.4][       0.5][      0.55][      0.65][       0.2][       0.4]     0.44624      5.3368     0.59089     0.30682    0.017599 +/-        0.088418       -0.061629 +/-        0.08836
[       0.5][       0.6][      0.55][      0.65][       0.2][       0.4]     0.53645      6.1682      0.5868     0.29632    0.019423 +/-         0.14691       -0.035659 +/-         0.1469
[       0.1][       0.2][      0.55][      0.65][       0.4][       0.6]     0.17603      2.4876     0.58428     0.54465   0.0053838 +/-        0.087513        -0.15653 +/-       0.087448
[       0.2][       0.3][      0.55][      0.65][       0.4][       0.6]     0.25092      3.3952     0.59022        0.51   0.0095029 +/-        0.043198        -0.15147 +/-       0.043217
[       0.3][       0.4][      0.55][      0.65][       0.4][       0.6]     0.34539      4.4131     0.59194     0.49761    0.017488 +/-        0.056318        -0.12953 +/-       0.056199
[       0.4][       0.5][      0.55][      0.65][       0.4][       0.6]       0.442      5.3594      0.5922     0.48861    0.025238 +/-        0.092717       -0.092867 +/-       0.092833
[       0.5][       0.6][      0.55][      0.65][       0.4][       0.6]     0.52511       6.216     0.58337     0.46782    0.027378 +/-         0.24528       -0.056526 +/-        0.24513
[       0.1][       0.2][      0.55][      0.65][       0.6][       0.8]     0.16811      2.3977     0.59251      0.6967   0.0054707 +/-        0.045053        -0.17984 +/-       0.044945
[       0.2][       0.3][      0.55][      0.65][       0.6][       0.8]     0.24518      3.3485     0.59315     0.69141    0.010748 +/-        0.039226        -0.18431 +/-        0.03926
[       0.3][       0.4][      0.55][      0.65][       0.6][       0.8]     0.34112      4.4074     0.59465     0.68207    0.020463 +/-        0.071479        -0.16056 +/-       0.071531
[       0.4][       0.5][      0.55][      0.65][       0.6][       0.8]     0.43277      5.3678     0.59282     0.66661    0.029309 +/-         0.17714        -0.11879 +/-         0.1771
[       0.1][       0.2][      0.55][      0.65][       0.8][         1]     0.16663      2.3803      0.5952     0.88443   0.0057985 +/-        0.053603        -0.19574 +/-        0.05348
[       0.2][       0.3][      0.55][      0.65][       0.8][         1]     0.24035      3.3106     0.59749     0.87658     0.01093 +/-         0.05811        -0.20195 +/-       0.057921
[       0.3][       0.4][      0.55][      0.65][       0.8][         1]      0.3343      4.3902     0.59909     0.86324    0.020816 +/-         0.16011        -0.17892 +/-        0.15975
[       0.3][       0.4][      0.65][      0.75][       0.2][       0.4]     0.35414      4.4242     0.69131     0.32458    0.010994 +/-         0.13385       -0.094683 +/-        0.13402
[       0.4][       0.5][      0.65][      0.75][       0.2][       0.4]     0.44177      5.3092      0.6864     0.30538    0.016052 +/-         0.16397       -0.067391 +/-        0.16392
[       0.2][       0.3][      0.65][      0.75][       0.4][       0.6]     0.25575      3.4301     0.68982     0.52039   0.0070565 +/-        0.079662        -0.16075 +/-       0.079693
[       0.3][       0.4][      0.65][      0.75][       0.4][       0.6]      0.3453      4.4031     0.69179     0.50017    0.014585 +/-        0.090608        -0.13644 +/-       0.090757
[       0.4][       0.5][      0.65][      0.75][       0.4][       0.6]      0.4324      5.3012      0.6805     0.48263    0.022654 +/-         0.18682        -0.10152 +/-        0.18615
[       0.1][       0.2][      0.65][      0.75][       0.6][       0.8]     0.17084      2.4297     0.69054     0.70993   0.0033501 +/-        0.078027        -0.19098 +/-       0.078166
[       0.2][       0.3][      0.65][      0.75][       0.6][       0.8]       0.246      3.3518     0.69311     0.69604   0.0076556 +/-        0.057585        -0.19123 +/-       0.057853
[       0.3][       0.4][      0.65][      0.75][       0.6][       0.8]     0.33793       4.369     0.68781     0.68291    0.016953 +/-         0.10783        -0.16661 +/-         0.1077
[       0.1][       0.2][      0.65][      0.75][       0.8][         1]     0.16668      2.3797     0.69488     0.88954   0.0034954 +/-        0.072559        -0.20159 +/-        0.07255
[       0.2][       0.3][      0.65][      0.75][       0.8][         1]     0.23998      3.2983      0.6918     0.88091     0.00799 +/-        0.074404        -0.20496 +/-       0.074196
