[      xmin][      xmax][      zmin][      zmax][     ptmin][     ptmax]         <x>       <Q^2>         <z>        <pT>        A_UT +/- dA_UT (Collins)            A_UT +/- dA_UT (Sivers)
[       0.2][       0.3][      0.25][      0.35][         0][       0.2]     0.27182      3.5724      0.3152     0.17964  -0.0030402 +/-        0.091423       -0.044767 +/-       0.091365
[       0.3][       0.4][      0.25][      0.35][         0][       0.2]     0.35165      4.4646     0.32546     0.16186  -0.0034647 +/-        0.046415       -0.036953 +/-       0.046354
[       0.4][       0.5][      0.25][      0.35][         0][       0.2]      0.4433      5.4359     0.33235     0.14421  -0.0036773 +/-         0.05591       -0.024944 +/-       0.055878
[       0.5][       0.6][      0.25][      0.35][         0][       0.2]     0.53834       6.433     0.33691     0.13256  -0.0037423 +/-         0.11018       -0.014077 +/-        0.10989
[       0.6][       0.7][      0.25][      0.35][         0][       0.2]     0.63385       7.424     0.34014     0.12528  -0.0037271 +/-         0.30937       -0.006246 +/-         0.3083
[       0.1][       0.2][      0.25][      0.35][       0.2][       0.4]     0.17065      2.4322     0.30378     0.33829  -0.0029865 +/-        0.017921       -0.074223 +/-       0.017914
[       0.2][       0.3][      0.25][      0.35][       0.2][       0.4]     0.24779      3.3863     0.31325     0.31861  -0.0042367 +/-        0.012769       -0.078177 +/-       0.012769
[       0.3][       0.4][      0.25][      0.35][       0.2][       0.4]     0.34272      4.4432     0.32344     0.30433  -0.0057393 +/-        0.017934       -0.068901 +/-       0.017934
[       0.4][       0.5][      0.25][      0.35][       0.2][       0.4]     0.43874      5.4546     0.33075     0.29231  -0.0068008 +/-         0.03473        -0.05008 +/-       0.034729
[       0.5][       0.6][      0.25][      0.35][       0.2][       0.4]     0.53516      6.4538     0.33577     0.28172  -0.0073835 +/-        0.092548       -0.029743 +/-       0.092453
[       0.6][       0.7][      0.25][      0.35][       0.2][       0.4]     0.63054      7.4258     0.33958     0.27566  -0.0077097 +/-         0.34638       -0.013884 +/-        0.34693
[       0.1][       0.2][      0.25][      0.35][       0.4][       0.6]     0.16722      2.3922      0.3106     0.48373   -0.003881 +/-        0.012533        -0.10705 +/-       0.012525
[       0.2][       0.3][      0.25][      0.35][       0.4][       0.6]      0.2409      3.3301     0.31714     0.47177  -0.0054901 +/-         0.01285         -0.1161 +/-        0.01285
[       0.3][       0.4][      0.25][      0.35][       0.4][       0.6]     0.33718      4.4349     0.32533     0.45964  -0.0076072 +/-         0.02905        -0.10413 +/-       0.029065
[       0.4][       0.5][      0.25][      0.35][       0.4][       0.6]     0.43621      5.4777     0.33138     0.45794  -0.0094539 +/-        0.095335       -0.077338 +/-       0.095207
[       0.5][       0.6][      0.25][      0.35][       0.4][       0.6]     0.53495      6.4775     0.33601     0.45943   -0.010759 +/-         0.41457        -0.04711 +/-        0.41475
[       0.1][       0.2][      0.25][      0.35][       0.6][       0.8]     0.16294      2.3426     0.32756      0.6409  -0.0046806 +/-        0.038416        -0.14886 +/-       0.038385
[       0.2][       0.3][      0.25][      0.35][       0.6][       0.8]     0.23352      3.2776     0.33048     0.63556  -0.0063467 +/-        0.060975        -0.16306 +/-       0.061017
[       0.2][       0.3][      0.35][      0.45][         0][       0.2]     0.28209      3.6089     0.38326     0.18039  -0.0044073 +/-         0.17062       -0.066846 +/-        0.17035
[       0.3][       0.4][      0.35][      0.45][         0][       0.2]     0.35991      4.4532     0.39266     0.15966  -0.0047511 +/-        0.044237       -0.053326 +/-       0.044169
[       0.4][       0.5][      0.35][      0.45][         0][       0.2]     0.45027      5.3264     0.39651     0.13848  -0.0048771 +/-        0.035212       -0.034528 +/-       0.035231
[       0.5][       0.6][      0.35][      0.45][         0][       0.2]     0.54522      6.1648     0.39981     0.12681  -0.0050968 +/-        0.048474       -0.019391 +/-       0.048433
[       0.6][       0.7][      0.35][      0.45][         0][       0.2]     0.63591       6.981       0.402     0.12217  -0.0053136 +/-         0.09684      -0.0094145 +/-       0.096824
[       0.1][       0.2][      0.35][      0.45][       0.2][       0.4]     0.17651      2.4957     0.38346     0.36141  -0.0047405 +/-        0.040923        -0.12569 +/-       0.040939
[       0.2][       0.3][      0.35][      0.45][       0.2][       0.4]      0.2552      3.4385      0.3921     0.33013  -0.0063988 +/-        0.017254        -0.12609 +/-       0.017253
[       0.3][       0.4][      0.35][      0.45][       0.2][       0.4]     0.34822       4.435     0.39598     0.30894  -0.0081473 +/-        0.016232        -0.10501 +/-       0.016229
[       0.4][       0.5][      0.35][      0.45][       0.2][       0.4]     0.44427      5.3661     0.39844     0.29752  -0.0096319 +/-        0.022546       -0.074784 +/-       0.022545
[       0.5][       0.6][      0.35][      0.45][       0.2][       0.4]     0.54129      6.2365     0.40146     0.28724   -0.010733 +/-        0.043883       -0.044388 +/-       0.043892
[       0.6][       0.7][      0.35][      0.45][       0.2][       0.4]     0.62888      7.0434     0.40228     0.27572   -0.011137 +/-          0.1242        -0.02217 +/-        0.12411
[       0.1][       0.2][      0.35][      0.45][       0.4][       0.6]     0.16977      2.4206     0.39455     0.50124  -0.0058809 +/-        0.015595        -0.17289 +/-       0.015603
[       0.2][       0.3][      0.35][      0.45][       0.4][       0.6]      0.2469      3.3736     0.39755      0.4927  -0.0083047 +/-         0.01206        -0.18506 +/-       0.012071
[       0.3][       0.4][      0.35][      0.45][       0.4][       0.6]     0.34218      4.4282     0.40203     0.47837   -0.011182 +/-         0.01833        -0.16264 +/-        0.01834
[       0.4][       0.5][      0.35][      0.45][       0.4][       0.6]     0.44002      5.4084     0.40513     0.46959   -0.013653 +/-         0.04003        -0.11885 +/-       0.040025
[       0.5][       0.6][      0.35][      0.45][       0.4][       0.6]     0.53887      6.2814     0.40589     0.46728   -0.015784 +/-         0.12528       -0.071755 +/-        0.12517
[       0.6][       0.7][      0.35][      0.45][       0.4][       0.6]     0.61633      7.1034     0.40056     0.44382   -0.015652 +/-         0.61369       -0.037595 +/-        0.61221
[       0.1][       0.2][      0.35][      0.45][       0.6][       0.8]     0.16696      2.3889     0.40335      0.6729  -0.0068879 +/-        0.019844        -0.22432 +/-       0.019856
[       0.2][       0.3][      0.35][      0.45][       0.6][       0.8]      0.2395      3.3182     0.40889     0.66242  -0.0095096 +/-        0.021529         -0.2456 +/-       0.021515
[       0.3][       0.4][      0.35][      0.45][       0.6][       0.8]     0.33745       4.441      0.4141      0.6536    -0.01317 +/-         0.05753         -0.2218 +/-       0.057701
[       0.4][       0.5][      0.35][      0.45][       0.6][       0.8]     0.43882       5.476     0.41634     0.64953   -0.016517 +/-         0.22773        -0.16276 +/-        0.22756
[       0.1][       0.2][      0.35][      0.45][       0.8][         1]     0.16252      2.3371     0.42275     0.84497  -0.0074622 +/-        0.070789        -0.27403 +/-       0.070406
[       0.2][       0.3][      0.35][      0.45][       0.8][         1]     0.23315      3.2759     0.42639     0.83983  -0.0099843 +/-         0.11658        -0.30404 +/-        0.11634
[       0.3][       0.4][      0.45][      0.55][         0][       0.2]     0.36587      4.4618     0.49268     0.16119  -0.0063861 +/-        0.077427       -0.079151 +/-       0.077343
[       0.4][       0.5][      0.45][      0.55][         0][       0.2]     0.45229      5.3123     0.49577     0.13883  -0.0063902 +/-        0.050479       -0.051772 +/-       0.050497
[       0.5][       0.6][      0.45][      0.55][         0][       0.2]     0.54665      6.1316     0.49675     0.12743  -0.0067748 +/-        0.065174       -0.029651 +/-       0.065307
[       0.6][       0.7][      0.45][      0.55][         0][       0.2]     0.62605      6.8822     0.49098     0.12283  -0.0070157 +/-         0.14789       -0.015974 +/-        0.14787
[       0.1][       0.2][      0.45][      0.55][       0.2][       0.4]     0.18718      2.5943     0.47577     0.37759  -0.0071492 +/-         0.20947        -0.19151 +/-        0.21002
[       0.2][       0.3][      0.45][      0.55][       0.2][       0.4]     0.26294      3.4969     0.49036       0.343  -0.0090008 +/-        0.034752         -0.1885 +/-       0.034725
[       0.3][       0.4][      0.45][      0.55][       0.2][       0.4]     0.35076      4.4395     0.49505     0.31481   -0.010826 +/-        0.024081        -0.15538 +/-        0.02408
[       0.4][       0.5][      0.45][      0.55][       0.2][       0.4]     0.44611      5.3525     0.49673      0.3038   -0.012862 +/-        0.029571        -0.11206 +/-       0.029571
[       0.5][       0.6][      0.45][      0.55][       0.2][       0.4]     0.54249      6.1991     0.49782     0.29453   -0.014558 +/-        0.052051       -0.068188 +/-       0.052109
[       0.6][       0.7][      0.45][      0.55][       0.2][       0.4]     0.62018      6.9986     0.49015     0.27574   -0.014503 +/-         0.16924       -0.036383 +/-        0.16903
[       0.1][       0.2][      0.45][      0.55][       0.4][       0.6]     0.17272      2.4546     0.49127      0.5186  -0.0080976 +/-        0.028916        -0.25106 +/-       0.028899
[       0.2][       0.3][      0.45][      0.55][       0.4][       0.6]     0.25015      3.3989     0.49524     0.50152   -0.011184 +/-        0.017309        -0.26409 +/-       0.017312
[       0.3][       0.4][      0.45][      0.55][       0.4][       0.6]     0.34551      4.4304     0.49769     0.49212   -0.015039 +/-        0.021057         -0.2327 +/-       0.021039
[       0.4][       0.5][      0.45][      0.55][       0.4][       0.6]     0.44173      5.3861     0.50013     0.48135   -0.018241 +/-        0.036259        -0.17183 +/-       0.036272
[       0.5][       0.6][      0.45][      0.55][       0.4][       0.6]     0.53536      6.2523     0.49976     0.47178   -0.020764 +/-        0.094887        -0.10806 +/-       0.094894
[       0.1][       0.2][      0.45][      0.55][       0.6][       0.8]     0.16922      2.4142     0.49648     0.69072  -0.0093472 +/-        0.023674        -0.30723 +/-       0.023685
[       0.2][       0.3][      0.45][      0.55][       0.6][       0.8]     0.24518      3.3607     0.49935     0.68266   -0.012993 +/-        0.019938        -0.33203 +/-       0.019943
[       0.3][       0.4][      0.45][      0.55][       0.6][       0.8]     0.34004      4.4275      0.5038     0.67027   -0.017537 +/-        0.035458        -0.29838 +/-       0.035463
[       0.4][       0.5][      0.45][      0.55][       0.6][       0.8]     0.43868      5.4198     0.50533     0.66505   -0.021839 +/-        0.097889        -0.22268 +/-       0.097999
[       0.5][       0.6][      0.45][      0.55][       0.6][       0.8]     0.52052      6.2651     0.49753     0.64473   -0.023668 +/-          0.4608        -0.14673 +/-        0.46163
[       0.1][       0.2][      0.45][      0.55][       0.8][         1]     0.16659      2.3848     0.50418     0.86922  -0.0099304 +/-        0.038527         -0.3471 +/-       0.038519
[       0.2][       0.3][      0.45][      0.55][       0.8][         1]      0.2382      3.3082     0.50913     0.86038   -0.013433 +/-        0.044188        -0.38069 +/-       0.044154
[       0.3][       0.4][      0.45][      0.55][       0.8][         1]     0.33661      4.4434     0.51328     0.85296   -0.018586 +/-         0.13539         -0.3467 +/-         0.1351
[       0.3][       0.4][      0.55][      0.65][         0][       0.2]     0.37058      4.4678     0.59249     0.16123  -0.0074148 +/-         0.12958       -0.099866 +/-        0.12961
[       0.4][       0.5][      0.55][      0.65][         0][       0.2]     0.45389         5.3     0.59503     0.13867  -0.0073059 +/-        0.070485       -0.065869 +/-       0.070415
[       0.5][       0.6][      0.55][      0.65][         0][       0.2]     0.54278      6.1205     0.59262     0.12731  -0.0076494 +/-        0.092133       -0.039184 +/-       0.092109
[       0.6][       0.7][      0.55][      0.65][         0][       0.2]     0.61344      7.0021      0.5713     0.11863  -0.0073337 +/-         0.42954       -0.021768 +/-        0.43009
[       0.2][       0.3][      0.55][      0.65][       0.2][       0.4]     0.27195      3.5596     0.58906     0.35071    -0.01114 +/-        0.073243        -0.24091 +/-       0.073183
[       0.3][       0.4][      0.55][      0.65][       0.2][       0.4]     0.35339      4.4423     0.59413     0.31985   -0.012687 +/-        0.035786         -0.1974 +/-       0.035755
[       0.4][       0.5][      0.55][      0.65][       0.2][       0.4]     0.44728      5.3446     0.59562     0.30637   -0.014887 +/-        0.039526        -0.14258 +/-       0.039545
[       0.5][       0.6][      0.55][      0.65][       0.2][       0.4]     0.53601       6.165     0.59115      0.2954   -0.016463 +/-        0.071947       -0.090467 +/-       0.071897
[       0.1][       0.2][      0.55][      0.65][       0.4][       0.6]     0.17768      2.5086     0.58674     0.54434    -0.01014 +/-        0.066386        -0.32359 +/-       0.066259
[       0.2][       0.3][      0.55][      0.65][       0.4][       0.6]     0.25389      3.4286     0.59347      0.5096   -0.013381 +/-        0.026874        -0.32916 +/-       0.026889
[       0.3][       0.4][      0.55][      0.65][       0.4][       0.6]     0.34744      4.4322     0.59591     0.49775   -0.017683 +/-        0.027384        -0.28886 +/-       0.027359
[       0.4][       0.5][      0.55][      0.65][       0.4][       0.6]     0.44305      5.3691     0.59699     0.48919   -0.021505 +/-         0.04125        -0.21502 +/-       0.041299
[       0.5][       0.6][      0.55][      0.65][       0.4][       0.6]     0.52459      6.2199     0.58755     0.46731    -0.02294 +/-          0.1169        -0.14115 +/-         0.1168
[       0.1][       0.2][      0.55][      0.65][       0.6][       0.8]     0.17032       2.427     0.59483     0.69654   -0.011227 +/-        0.034544        -0.37255 +/-       0.034564
[       0.2][       0.3][      0.55][      0.65][       0.6][       0.8]     0.24826      3.3834     0.59636     0.69147   -0.015719 +/-        0.024815        -0.40093 +/-       0.024836
[       0.3][       0.4][      0.55][      0.65][       0.6][       0.8]     0.34316      4.4269     0.59888     0.68217   -0.021164 +/-        0.034903        -0.35872 +/-       0.034887
[       0.4][       0.5][      0.55][      0.65][       0.6][       0.8]     0.43335      5.3732     0.59711     0.66574   -0.025111 +/-        0.078433         -0.2735 +/-       0.078423
[       0.1][       0.2][      0.55][      0.65][       0.8][         1]     0.16886      2.4099     0.59754     0.88486   -0.012235 +/-        0.041183        -0.40589 +/-       0.041221
[       0.2][       0.3][      0.55][      0.65][       0.8][         1]      0.2433      3.3456      0.6005     0.87675   -0.016745 +/-        0.036998        -0.44029 +/-       0.036991
[       0.3][       0.4][      0.55][      0.65][       0.8][         1]     0.33581      4.4079     0.60302     0.86217   -0.022277 +/-        0.077716         -0.4012 +/-       0.077852
[       0.3][       0.4][      0.65][      0.75][         0][       0.2]     0.37434      4.4717     0.69183     0.16086  -0.0078879 +/-          0.2142        -0.11464 +/-        0.21326
[       0.4][       0.5][      0.65][      0.75][         0][       0.2]     0.45215       5.275     0.68892      0.1386  -0.0076238 +/-         0.10598       -0.076666 +/-        0.10614
[       0.5][       0.6][      0.65][      0.75][         0][       0.2]     0.52297      6.0625     0.67057     0.12599  -0.0074515 +/-         0.23011       -0.049221 +/-        0.23002
[       0.2][       0.3][      0.65][      0.75][       0.2][       0.4]     0.27873      3.5949     0.68759     0.35618   -0.012551 +/-         0.16238        -0.28049 +/-        0.16264
[       0.3][       0.4][      0.65][      0.75][       0.2][       0.4]     0.35629      4.4451     0.69263     0.32403   -0.013755 +/-        0.055592        -0.22848 +/-       0.055578
[       0.4][       0.5][      0.65][      0.75][       0.2][       0.4]     0.44284      5.3193     0.68772     0.30496   -0.015336 +/-        0.059896        -0.16574 +/-        0.05993
[       0.5][       0.6][      0.65][      0.75][       0.2][       0.4]     0.51758      6.1567      0.6679     0.28322     -0.0155 +/-         0.21498        -0.10859 +/-         0.2148
[       0.1][       0.2][      0.65][      0.75][       0.4][       0.6]     0.18553      2.5834     0.68166     0.56162   -0.012071 +/-         0.20806        -0.38241 +/-        0.20825
[       0.2][       0.3][      0.65][      0.75][       0.4][       0.6]     0.25936       3.471     0.69141     0.51856   -0.015028 +/-        0.045547        -0.37854 +/-       0.045557
[       0.3][       0.4][      0.65][      0.75][       0.4][       0.6]     0.34792      4.4298     0.69343     0.49998   -0.018967 +/-        0.038413        -0.32912 +/-       0.038423
[       0.4][       0.5][      0.65][      0.75][       0.4][       0.6]     0.43314      5.3083     0.68121     0.48275    -0.02185 +/-        0.068978        -0.24862 +/-       0.068907
[       0.1][       0.2][      0.65][      0.75][       0.6][       0.8]     0.17307      2.4589     0.69139     0.70854   -0.012646 +/-        0.058784        -0.42265 +/-       0.058713
[       0.2][       0.3][      0.65][      0.75][       0.6][       0.8]     0.24974      3.3942     0.69432     0.69533   -0.017365 +/-        0.034602        -0.44908 +/-       0.034617
[       0.3][       0.4][      0.65][      0.75][       0.6][       0.8]     0.34004      4.3913     0.68881     0.68165   -0.022676 +/-        0.047141          -0.401 +/-       0.047094
[       0.4][       0.5][      0.65][      0.75][       0.6][       0.8]     0.41951      5.2974     0.67016     0.64975   -0.025161 +/-         0.17174        -0.31158 +/-        0.17182
[       0.1][       0.2][      0.65][      0.75][       0.8][         1]     0.16947      2.4168     0.69535     0.88931   -0.013838 +/-        0.054646        -0.44508 +/-       0.054562
[       0.2][       0.3][      0.65][      0.75][       0.8][         1]     0.24359      3.3411     0.69216     0.87965   -0.018765 +/-        0.045479        -0.47943 +/-        0.04549
[       0.3][       0.4][      0.65][      0.75][       0.8][         1]     0.32484      4.3045     0.67649     0.85084   -0.023214 +/-         0.11909        -0.44033 +/-        0.11905
