[      xmin][      xmax][      zmin][      zmax][     ptmin][     ptmax]         <x>       <Q^2>         <z>        <pT>        A_UT +/- dA_UT (Collins)            A_UT +/- dA_UT (Sivers)
[       0.2][       0.3][      0.25][      0.35][         0][       0.2]     0.27044      3.5452     0.31386     0.17831  -0.0092386 +/-        0.071209       -0.064722 +/-       0.071054
[       0.3][       0.4][      0.25][      0.35][         0][       0.2]     0.35306      4.4596     0.32355     0.16331   -0.011988 +/-        0.035889       -0.050417 +/-       0.035943
[       0.4][       0.5][      0.25][      0.35][         0][       0.2]     0.44457       5.418     0.33007     0.14776   -0.015028 +/-        0.040266       -0.033145 +/-       0.040172
[       0.5][       0.6][      0.25][      0.35][         0][       0.2]     0.53953      6.3927     0.33457     0.13532   -0.018564 +/-        0.073665       -0.018273 +/-       0.073709
[       0.6][       0.7][      0.25][      0.35][         0][       0.2]     0.63519      7.3561     0.33801      0.1264   -0.023547 +/-         0.19583      -0.0080495 +/-        0.19695
[       0.1][       0.2][      0.25][      0.35][       0.2][       0.4]     0.17125      2.4399     0.30259     0.34304  -0.0073744 +/-        0.013334        -0.10441 +/-       0.013335
[       0.2][       0.3][      0.25][      0.35][       0.2][       0.4]     0.24837      3.3941     0.31183     0.32406   -0.011618 +/-       0.0090767        -0.10472 +/-      0.0090746
[       0.3][       0.4][      0.25][      0.35][       0.2][       0.4]     0.34267      4.4517     0.32141     0.30516   -0.018022 +/-        0.012338       -0.087976 +/-       0.012341
[       0.4][       0.5][      0.25][      0.35][       0.2][       0.4]     0.43875      5.4635     0.32817     0.29148   -0.025565 +/-        0.023641       -0.062559 +/-        0.02364
[       0.5][       0.6][      0.25][      0.35][       0.2][       0.4]     0.53558       6.443     0.33321     0.28205   -0.034927 +/-        0.062793        -0.03728 +/-       0.062717
[       0.6][       0.7][      0.25][      0.35][       0.2][       0.4]     0.63265      7.3958     0.33725     0.27675   -0.048056 +/-          0.2296       -0.017572 +/-        0.23065
[       0.1][       0.2][      0.25][      0.35][       0.4][       0.6]     0.16782      2.4023     0.31141     0.48365  -0.0088803 +/-        0.008524        -0.14007 +/-      0.0085298
[       0.2][       0.3][      0.25][      0.35][       0.4][       0.6]     0.24073      3.3374     0.31714     0.47328   -0.013896 +/-       0.0084803         -0.1459 +/-      0.0084759
[       0.3][       0.4][      0.25][      0.35][       0.4][       0.6]     0.33694      4.4509     0.32451     0.46184   -0.022768 +/-        0.019093        -0.12774 +/-       0.019096
[       0.4][       0.5][      0.25][      0.35][       0.4][       0.6]     0.43613       5.496     0.32988     0.45905   -0.034707 +/-        0.061229       -0.094446 +/-       0.061249
[       0.5][       0.6][      0.25][      0.35][       0.4][       0.6]     0.53521      6.4715     0.33406     0.45993   -0.050322 +/-         0.27035       -0.058181 +/-        0.26954
[       0.1][       0.2][      0.25][      0.35][       0.6][       0.8]     0.16475      2.3703     0.32814     0.64197  -0.0098705 +/-        0.024717        -0.17885 +/-       0.024712
[       0.2][       0.3][      0.25][      0.35][       0.6][       0.8]     0.23416      3.2968     0.33016     0.63823   -0.014846 +/-        0.035119        -0.18878 +/-       0.035075
[       0.3][       0.4][      0.25][      0.35][       0.6][       0.8]     0.33345      4.4887     0.33361     0.63239   -0.024912 +/-         0.15927        -0.16667 +/-        0.15998
[       0.2][       0.3][      0.35][      0.45][         0][       0.2]     0.27968      3.5868     0.38641     0.17833   -0.010886 +/-         0.10489       -0.078549 +/-        0.10511
[       0.3][       0.4][      0.35][      0.45][         0][       0.2]     0.35997      4.4422     0.39365      0.1598   -0.013267 +/-         0.03009        -0.05838 +/-       0.030101
[       0.4][       0.5][      0.35][      0.45][         0][       0.2]     0.45037      5.3241     0.39723     0.14157    -0.01596 +/-        0.023799       -0.036648 +/-       0.023811
[       0.5][       0.6][      0.35][      0.45][         0][       0.2]     0.54493      6.1752     0.40043     0.12869   -0.019654 +/-        0.032133       -0.019732 +/-       0.032121
[       0.6][       0.7][      0.35][      0.45][         0][       0.2]     0.63945      7.0048     0.40351     0.12215   -0.025298 +/-        0.062319      -0.0087904 +/-       0.062344
[       0.1][       0.2][      0.35][      0.45][       0.2][       0.4]     0.17593      2.4857     0.38428     0.36085  -0.0090731 +/-        0.026914        -0.13788 +/-       0.026924
[       0.2][       0.3][      0.35][      0.45][       0.2][       0.4]     0.25571      3.4398     0.39149     0.33312   -0.013932 +/-        0.011248        -0.13175 +/-       0.011248
[       0.3][       0.4][      0.35][      0.45][       0.2][       0.4]     0.34814      4.4389     0.39568     0.31142   -0.020566 +/-         0.01028        -0.10598 +/-       0.010272
[       0.4][       0.5][      0.35][      0.45][       0.2][       0.4]     0.44363      5.3843     0.39889     0.29779   -0.028666 +/-        0.014299       -0.073511 +/-       0.014305
[       0.5][       0.6][      0.35][      0.45][       0.2][       0.4]     0.54064      6.2698     0.40203     0.28807   -0.039043 +/-        0.028193       -0.042883 +/-       0.028175
[       0.6][       0.7][      0.35][      0.45][       0.2][       0.4]     0.63646      7.0848     0.40496     0.28179    -0.05315 +/-        0.075615       -0.019942 +/-       0.075741
[       0.1][       0.2][      0.35][      0.45][       0.4][       0.6]     0.17019       2.427      0.3938     0.50348   -0.010542 +/-         0.00971         -0.1791 +/-      0.0097109
[       0.2][       0.3][      0.35][      0.45][       0.4][       0.6]     0.24659      3.3764     0.39702      0.4933   -0.016764 +/-       0.0073139        -0.18367 +/-      0.0073124
[       0.3][       0.4][      0.35][      0.45][       0.4][       0.6]     0.34177      4.4406     0.40154     0.47947   -0.026552 +/-        0.011097        -0.15653 +/-         0.0111
[       0.4][       0.5][      0.35][      0.45][       0.4][       0.6]     0.43952      5.4322     0.40498     0.47117   -0.038952 +/-        0.024009        -0.11217 +/-       0.024006
[       0.5][       0.6][      0.35][      0.45][       0.4][       0.6]     0.53895      6.3182     0.40685     0.46946    -0.05611 +/-        0.073385       -0.066974 +/-       0.073215
[       0.6][       0.7][      0.35][      0.45][       0.4][       0.6]     0.63007      7.1135     0.40628     0.46272   -0.074785 +/-         0.26831       -0.031796 +/-        0.26875
[       0.1][       0.2][      0.35][      0.45][       0.6][       0.8]     0.16752      2.3991      0.4033     0.67273   -0.011794 +/-        0.011926        -0.22285 +/-        0.01191
[       0.2][       0.3][      0.35][      0.45][       0.6][       0.8]     0.23975      3.3312     0.40786     0.66431   -0.018197 +/-        0.012434        -0.23387 +/-       0.012438
[       0.3][       0.4][      0.35][      0.45][       0.6][       0.8]     0.33724      4.4567      0.4127      0.6557   -0.029819 +/-        0.031666        -0.20417 +/-       0.031654
[       0.4][       0.5][      0.35][      0.45][       0.6][       0.8]     0.43814      5.4922     0.41504     0.65123   -0.045315 +/-         0.11735        -0.14709 +/-        0.11709
[       0.5][       0.6][      0.35][      0.45][       0.6][       0.8]     0.53673      6.4167     0.41685      0.6459   -0.064292 +/-         0.45557       -0.087102 +/-        0.45711
[       0.1][       0.2][      0.35][      0.45][       0.8][         1]     0.16469      2.3707     0.42217     0.84531   -0.012176 +/-        0.041337        -0.26072 +/-       0.041407
[       0.2][       0.3][      0.35][      0.45][       0.8][         1]       0.234      3.2993     0.42473     0.84204   -0.018122 +/-        0.059397        -0.27742 +/-       0.059429
[       0.3][       0.4][      0.45][      0.55][         0][       0.2]     0.36417      4.4396     0.49336     0.15869   -0.014538 +/-        0.046151        -0.07548 +/-       0.046059
[       0.4][       0.5][      0.45][      0.55][         0][       0.2]     0.45243      5.2995     0.49546     0.13959   -0.016545 +/-        0.030978       -0.046252 +/-       0.030965
[       0.5][       0.6][      0.45][      0.55][         0][       0.2]     0.54655      6.1298     0.49642     0.12861   -0.020087 +/-        0.038317       -0.024692 +/-       0.038394
[       0.6][       0.7][      0.45][      0.55][         0][       0.2]     0.63723      6.9214     0.49452     0.12419   -0.025398 +/-        0.072246       -0.011209 +/-       0.072358
[       0.1][       0.2][      0.45][      0.55][       0.2][       0.4]     0.18429      2.5621     0.47979     0.37305   -0.011537 +/-         0.10104        -0.18523 +/-        0.10099
[       0.2][       0.3][      0.45][      0.55][       0.2][       0.4]     0.26229      3.4816     0.49042     0.34143   -0.016399 +/-        0.021074         -0.1719 +/-       0.021072
[       0.3][       0.4][      0.45][      0.55][       0.2][       0.4]     0.35097      4.4361     0.49443       0.317   -0.022602 +/-        0.014619         -0.1362 +/-       0.014613
[       0.4][       0.5][      0.45][      0.55][       0.2][       0.4]     0.44584      5.3598      0.4963     0.30418   -0.030822 +/-        0.017488       -0.094064 +/-       0.017494
[       0.5][       0.6][      0.45][      0.55][       0.2][       0.4]      0.5424      6.2203     0.49761     0.29504   -0.041239 +/-        0.030309       -0.054583 +/-       0.030318
[       0.6][       0.7][      0.45][      0.55][       0.2][       0.4]     0.63267      7.0049     0.49502     0.28426   -0.052541 +/-         0.07599       -0.025074 +/-       0.076301
[       0.1][       0.2][      0.45][      0.55][       0.4][       0.6]     0.17232      2.4488     0.49088      0.5195   -0.012258 +/-        0.017401         -0.2283 +/-       0.017398
[       0.2][       0.3][      0.45][      0.55][       0.4][       0.6]      0.2504       3.403     0.49432     0.50369   -0.019195 +/-        0.010375        -0.23126 +/-       0.010372
[       0.3][       0.4][      0.45][      0.55][       0.4][       0.6]     0.34506      4.4379     0.49716     0.49232   -0.029754 +/-        0.012378         -0.1967 +/-       0.012373
[       0.4][       0.5][      0.45][      0.55][       0.4][       0.6]     0.44155      5.4059     0.49965     0.48265   -0.042329 +/-        0.021157        -0.14075 +/-       0.021141
[       0.5][       0.6][      0.45][      0.55][       0.4][       0.6]     0.53854      6.2809     0.50031     0.47593   -0.058461 +/-        0.051934       -0.083409 +/-       0.051994
[       0.6][       0.7][      0.45][      0.55][       0.4][       0.6]     0.62436      7.0631     0.49457     0.46166   -0.073434 +/-         0.20812       -0.038925 +/-        0.20779
[       0.1][       0.2][      0.45][      0.55][       0.6][       0.8]     0.16952      2.4199     0.49595       0.691   -0.013706 +/-        0.013938        -0.27182 +/-       0.013936
[       0.2][       0.3][      0.45][      0.55][       0.6][       0.8]      0.2448      3.3648     0.49871     0.68326   -0.021424 +/-        0.011521        -0.28428 +/-       0.011524
[       0.3][       0.4][      0.45][      0.55][       0.6][       0.8]     0.34005      4.4443     0.50291     0.67215   -0.033727 +/-        0.020177         -0.2472 +/-       0.020187
[       0.4][       0.5][      0.45][      0.55][       0.6][       0.8]     0.43879      5.4442     0.50481     0.66659   -0.049689 +/-        0.052427         -0.1787 +/-       0.052396
[       0.5][       0.6][      0.45][      0.55][       0.6][       0.8]     0.53302      6.3154     0.50185     0.65882   -0.067846 +/-          0.2014        -0.10554 +/-        0.20188
[       0.1][       0.2][      0.45][      0.55][       0.8][         1]     0.16729      2.3977     0.50383     0.86936   -0.014214 +/-         0.02233        -0.30225 +/-       0.022371
[       0.2][       0.3][      0.45][      0.55][       0.8][         1]     0.23869      3.3259     0.50774     0.86273   -0.021496 +/-        0.024417        -0.32132 +/-       0.024414
[       0.3][       0.4][      0.45][      0.55][       0.8][         1]     0.33657      4.4636     0.51223     0.85486   -0.034837 +/-        0.068887        -0.28337 +/-       0.069062
[       0.3][       0.4][      0.55][      0.65][         0][       0.2]     0.36763      4.4411     0.59363     0.15753   -0.014829 +/-        0.069785       -0.094531 +/-       0.069562
[       0.4][       0.5][      0.55][      0.65][         0][       0.2]     0.45355      5.2819      0.5954     0.13816   -0.016061 +/-        0.042019       -0.057387 +/-       0.042083
[       0.5][       0.6][      0.55][      0.65][         0][       0.2]     0.54511      6.1093     0.59423     0.12898   -0.019029 +/-        0.051915       -0.030723 +/-       0.051954
[       0.6][       0.7][      0.55][      0.65][         0][       0.2]     0.62711      6.8927     0.58537     0.12438   -0.022817 +/-         0.12872       -0.014044 +/-        0.12849
[       0.2][       0.3][      0.55][      0.65][       0.2][       0.4]     0.26899      3.5228     0.59039     0.34623   -0.018011 +/-        0.041028        -0.21465 +/-       0.040995
[       0.3][       0.4][      0.55][      0.65][       0.2][       0.4]     0.35352      4.4343     0.59419     0.32051    -0.02313 +/-         0.02159        -0.16882 +/-       0.021573
[       0.4][       0.5][      0.55][      0.65][       0.2][       0.4]     0.44702      5.3438     0.59553     0.30693   -0.030453 +/-        0.023294         -0.1163 +/-       0.023297
[       0.5][       0.6][      0.55][      0.65][       0.2][       0.4]     0.54065      6.1887     0.59402     0.29715   -0.039434 +/-        0.039261        -0.06712 +/-       0.039313
[       0.6][       0.7][      0.55][      0.65][       0.2][       0.4]     0.62339      6.9857     0.58473     0.28358    -0.04724 +/-         0.13119       -0.030428 +/-        0.13112
[       0.1][       0.2][      0.55][      0.65][       0.4][       0.6]     0.17601      2.4851     0.58799     0.53915   -0.013867 +/-        0.037199        -0.28286 +/-        0.03723
[       0.2][       0.3][      0.55][      0.65][       0.4][       0.6]     0.25412      3.4276     0.59337     0.51132   -0.020632 +/-        0.016233        -0.28125 +/-       0.016234
[       0.3][       0.4][      0.55][      0.65][       0.4][       0.6]     0.34724      4.4368     0.59577     0.49822   -0.030659 +/-        0.016153        -0.23826 +/-       0.016151
[       0.4][       0.5][      0.55][      0.65][       0.4][       0.6]      0.4427      5.3831     0.59673     0.48926   -0.042597 +/-        0.024179        -0.17059 +/-       0.024175
[       0.5][       0.6][      0.55][      0.65][       0.4][       0.6]     0.53441        6.26     0.59394     0.47776   -0.055498 +/-        0.056553        -0.10047 +/-       0.056612
[       0.1][       0.2][      0.55][      0.65][       0.6][       0.8]     0.17048      2.4301     0.59452     0.69788   -0.014923 +/-        0.020512        -0.31967 +/-       0.020505
[       0.2][       0.3][      0.55][      0.65][       0.6][       0.8]     0.24807      3.3876     0.59616     0.69196   -0.023284 +/-        0.014524        -0.33525 +/-       0.014526
[       0.3][       0.4][      0.55][      0.65][       0.6][       0.8]     0.34278      4.4393     0.59848      0.6827   -0.035746 +/-        0.020327        -0.29154 +/-       0.020313
[       0.4][       0.5][      0.55][      0.65][       0.6][       0.8]      0.4375      5.4175     0.59878     0.67223   -0.049835 +/-        0.042907        -0.21029 +/-       0.042825
[       0.5][       0.6][      0.55][      0.65][       0.6][       0.8]     0.52641      6.2936     0.59246     0.65814   -0.064831 +/-         0.16738        -0.12436 +/-        0.16709
[       0.1][       0.2][      0.55][      0.65][       0.8][         1]     0.16922      2.4175     0.59743     0.88481   -0.015976 +/-         0.02401        -0.34444 +/-       0.024036
[       0.2][       0.3][      0.55][      0.65][       0.8][         1]     0.24326      3.3561     0.59997     0.87744   -0.024267 +/-        0.021204        -0.36618 +/-       0.021188
[       0.3][       0.4][      0.55][      0.65][       0.8][         1]     0.33752       4.442     0.60268     0.86669    -0.03725 +/-        0.042753        -0.32255 +/-       0.042868
[       0.4][       0.5][      0.55][      0.65][       0.8][         1]     0.43086      5.4309     0.59948     0.85564   -0.052231 +/-          0.1513        -0.23287 +/-        0.15078
[       0.3][       0.4][      0.65][      0.75][         0][       0.2]     0.37003      4.4401     0.69242      0.1558   -0.014173 +/-          0.1075        -0.11375 +/-        0.10741
[       0.4][       0.5][      0.65][      0.75][         0][       0.2]     0.45254      5.2601     0.69141      0.1368   -0.014627 +/-        0.062128       -0.067492 +/-       0.062335
[       0.5][       0.6][      0.65][      0.75][         0][       0.2]     0.53718      6.0772     0.68456     0.12853   -0.016502 +/-        0.094966       -0.035469 +/-       0.095195
[       0.2][       0.3][      0.65][      0.75][       0.2][       0.4]      0.2749      3.5575      0.6898     0.34957   -0.018518 +/-        0.079831        -0.25878 +/-       0.079837
[       0.3][       0.4][      0.65][      0.75][       0.2][       0.4]     0.35544      4.4282     0.69266     0.32247    -0.02224 +/-         0.03302        -0.20122 +/-       0.033095
[       0.4][       0.5][      0.65][      0.75][       0.2][       0.4]     0.44556      5.3238     0.69097     0.30707    -0.02778 +/-        0.034801        -0.13533 +/-       0.034744
[       0.5][       0.6][      0.65][      0.75][       0.2][       0.4]     0.53258       6.154     0.68372     0.29521   -0.034245 +/-        0.073886        -0.07645 +/-       0.073866
[       0.1][       0.2][      0.65][      0.75][       0.4][       0.6]     0.18175      2.5383     0.68521     0.55245   -0.015302 +/-        0.097432        -0.34098 +/-        0.09739
[       0.2][       0.3][      0.65][      0.75][       0.4][       0.6]     0.25844       3.455     0.69194     0.51745   -0.021127 +/-        0.026955        -0.33202 +/-       0.026946
[       0.3][       0.4][      0.65][      0.75][       0.4][       0.6]     0.34793      4.4312     0.69309     0.50074   -0.029295 +/-         0.02312        -0.27698 +/-       0.023148
[       0.4][       0.5][      0.65][      0.75][       0.4][       0.6]     0.43993      5.3539     0.68979     0.48993   -0.039198 +/-         0.03571        -0.19449 +/-       0.035716
[       0.5][       0.6][      0.65][      0.75][       0.4][       0.6]     0.52675      6.2286     0.68209     0.47536   -0.049063 +/-          0.1097        -0.11268 +/-        0.10999
[       0.1][       0.2][      0.65][      0.75][       0.6][       0.8]     0.17233      2.4491     0.69179     0.70844   -0.015662 +/-        0.034137        -0.36898 +/-       0.034121
[       0.2][       0.3][      0.65][      0.75][       0.6][       0.8]     0.24956      3.3959     0.69379     0.69608   -0.023465 +/-        0.020688        -0.38415 +/-       0.020696
[       0.3][       0.4][      0.65][      0.75][       0.6][       0.8]     0.34284       4.426     0.69277     0.68607   -0.034769 +/-        0.026943         -0.3298 +/-       0.026926
[       0.4][       0.5][      0.65][      0.75][       0.6][       0.8]     0.43321      5.3808     0.68826     0.67233   -0.046422 +/-        0.060164        -0.23483 +/-       0.060226
[       0.1][       0.2][      0.65][      0.75][       0.8][         1]     0.16968       2.422      0.6947     0.88845   -0.016772 +/-        0.032298        -0.38444 +/-       0.032313
[       0.2][       0.3][      0.65][      0.75][       0.8][         1]     0.24487      3.3633      0.6942     0.88305   -0.025118 +/-        0.026255        -0.40746 +/-       0.026209
[       0.3][       0.4][      0.65][      0.75][       0.8][         1]     0.33587      4.4103     0.69215     0.86944   -0.036838 +/-          0.0495        -0.35529 +/-       0.049462
