Author: Andrew J. R. Puckett
n(e,e'pi-)X
Format of the table: bin ranges for each dimension, average kinematics, theory asymmetry +/- projected uncertainty for Collins/Sivers
1D Binning in xbj
[       min,       max]            <x>     <Q^2>       <z>      <pT>       <y>   AUTcoll +/-   dAUTcoll    AUTsiv +/-    dAUTsiv
[       0.1,       0.2]         0.1731     3.157    0.3036     0.553    0.8837  0.008036 +/-   0.002643  -0.06154 +/-   0.002642
[       0.2,       0.3]         0.2486     4.386    0.3215    0.5165    0.8547   0.01651 +/-   0.001783  -0.06085 +/-   0.001783
[       0.3,       0.4]         0.3464     5.802    0.3489    0.4606    0.8113   0.02642 +/-   0.002118  -0.03771 +/-   0.002117
[       0.4,       0.5]          0.445     7.085    0.3721    0.4012    0.7713   0.03322 +/-   0.002698  -0.01732 +/-   0.002698
[       0.5,       0.6]         0.5431     8.249    0.3867    0.3431    0.7358   0.04156 +/-   0.003855 -0.006377 +/-   0.003854
[       0.6,       0.7]         0.6402     9.315    0.3876    0.2884    0.7049   0.04453 +/-   0.006664-0.0007881 +/-   0.006667
1D Binning in z
[       min,       max]            <x>     <Q^2>       <z>      <pT>       <y>   AUTcoll +/-   dAUTcoll    AUTsiv +/-    dAUTsiv
[       0.2,       0.3]         0.2947     5.004    0.2552    0.4068    0.8226   0.01296 +/-   0.001557  -0.04084 +/-   0.001557
[       0.3,       0.4]         0.3401      5.59    0.3436    0.4779    0.7963   0.02543 +/-    0.00186  -0.05047 +/-   0.001859
[       0.4,       0.5]         0.3617     5.871    0.4434    0.5523    0.7862   0.03385 +/-    0.00268  -0.04795 +/-    0.00268
[       0.5,       0.6]         0.3772     6.072    0.5432     0.612    0.7797   0.04213 +/-   0.003846  -0.03662 +/-   0.003846
[       0.6,       0.7]         0.3785     6.093    0.6419    0.6647    0.7799   0.04718 +/-   0.005613  -0.01427 +/-   0.005616
1D Binning in pt
[       min,       max]            <x>     <Q^2>       <z>      <pT>       <y>   AUTcoll +/-   dAUTcoll    AUTsiv +/-    dAUTsiv
[         0,       0.2]         0.5277     7.892    0.3372    0.1478    0.7245   0.01273 +/-   0.005606 -0.003122 +/-   0.005604
[       0.2,       0.4]         0.3672     5.968    0.3033    0.3208    0.7873   0.02111 +/-   0.001923  -0.02428 +/-   0.001922
[       0.4,       0.6]         0.2999     5.073     0.326    0.4905    0.8194    0.0219 +/-   0.001547  -0.04811 +/-   0.001547
[       0.6,       0.8]         0.2776     4.768    0.4051    0.6788    0.8319   0.02812 +/-   0.002389  -0.06991 +/-   0.002388
[       0.8,         1]         0.2623     4.556    0.4959    0.8751    0.8415   0.03061 +/-   0.004642  -0.07504 +/-   0.004639
[         1,       1.2]         0.2425     4.271    0.5678     1.071    0.8533   0.02731 +/-    0.01034  -0.06564 +/-    0.01031
2D binning in xbj, z
[      minx,      maxx][      miny,      maxy]            <x>     <Q^2>       <z>      <pT>       <y>   AUTcoll +/-   dAUTcoll    AUTsiv +/-    dAUTsiv
[       0.1,       0.2][       0.2,       0.3]         0.1726     3.151    0.2471    0.4731    0.8842  0.006617 +/-   0.003399  -0.05221 +/-   0.003397
[       0.2,       0.3][       0.2,       0.3]          0.247      4.37    0.2517    0.4334    0.8572   0.01246 +/-   0.002466  -0.05194 +/-   0.002466
[       0.3,       0.4][       0.2,       0.3]         0.3445     5.801    0.2589    0.3762    0.8158   0.01842 +/-    0.00335  -0.03396 +/-   0.003349
[       0.4,       0.5][       0.2,       0.3]          0.443     7.113    0.2656    0.3242    0.7779   0.02209 +/-   0.004969  -0.01718 +/-   0.004971
[       0.5,       0.6][       0.2,       0.3]         0.5412     8.323    0.2716    0.2806     0.745   0.02746 +/-   0.008252 -0.007502 +/-   0.008257
[       0.6,       0.7][       0.2,       0.3]         0.6388     9.462    0.2767     0.247    0.7176   0.03112 +/-    0.01614 -0.001718 +/-    0.01616
[       0.1,       0.2][       0.3,       0.4]         0.1735     3.162    0.3414    0.6142    0.8831  0.008921 +/-   0.005183  -0.06975 +/-   0.005182
[       0.2,       0.3][       0.3,       0.4]         0.2496     4.396    0.3426    0.5498     0.853   0.01801 +/-   0.003329  -0.07027 +/-   0.003329
[       0.3,       0.4][       0.3,       0.4]         0.3471     5.802    0.3439    0.4637    0.8098   0.02645 +/-   0.003778  -0.04297 +/-   0.003774
[       0.4,       0.5][       0.3,       0.4]         0.4454     7.079     0.345    0.3879    0.7698   0.03109 +/-   0.004732  -0.02034 +/-   0.004731
[       0.5,       0.6][       0.3,       0.4]         0.5436     8.237    0.3457    0.3255     0.734   0.03759 +/-   0.006706  -0.00812 +/-     0.0067
[       0.6,       0.7][       0.3,       0.4]         0.6414     9.295    0.3462    0.2778     0.702   0.04127 +/-    0.01117 -0.001452 +/-    0.01117
[       0.1,       0.2][       0.4,       0.5]         0.1741     3.171    0.4411    0.7442    0.8824   0.01123 +/-   0.008926  -0.08294 +/-   0.008921
[       0.2,       0.3][       0.4,       0.5]         0.2512     4.413    0.4422    0.6608    0.8509   0.02334 +/-   0.005272  -0.08019 +/-   0.005272
[       0.3,       0.4][       0.4,       0.5]         0.3483     5.804    0.4435    0.5542    0.8073    0.0349 +/-    0.00538   -0.0465 +/-    0.00538
[       0.4,       0.5][       0.4,       0.5]         0.4463      7.07    0.4446    0.4613    0.7674   0.04137 +/-   0.006175  -0.02063 +/-   0.006175
[       0.5,       0.6][       0.4,       0.5]         0.5442     8.223    0.4452    0.3855    0.7321    0.0501 +/-   0.008193 -0.007241 +/-   0.008182
[       0.6,       0.7][       0.4,       0.5]         0.6413     9.275    0.4453    0.3209    0.7006   0.05359 +/-    0.01307-0.0004923 +/-    0.01307
[       0.1,       0.2][       0.5,       0.6]         0.1746     3.178    0.5413     0.864    0.8818   0.01315 +/-    0.01542  -0.08226 +/-    0.01544
[       0.2,       0.3][       0.5,       0.6]         0.2528     4.429    0.5423    0.7599    0.8488   0.02796 +/-   0.008357  -0.07375 +/-   0.008353
[       0.3,       0.4][       0.5,       0.6]         0.3495     5.807    0.5434    0.6324     0.805   0.04228 +/-   0.007705  -0.03791 +/-   0.007709
[       0.4,       0.5][       0.5,       0.6]          0.447     7.061    0.5442    0.5233    0.7654   0.05028 +/-   0.008183  -0.01411 +/-   0.008177
[       0.5,       0.6][       0.5,       0.6]         0.5445     8.207    0.5444    0.4297    0.7302   0.06028 +/-    0.01022 -0.002939 +/-    0.01022
[       0.6,       0.7][       0.5,       0.6]         0.6394     9.242    0.5428    0.3329    0.7003   0.05892 +/-    0.01628  0.001384 +/-    0.01631
[       0.1,       0.2][       0.6,       0.7]         0.1749     3.182    0.6411    0.9795    0.8813   0.01462 +/-    0.02606  -0.06533 +/-    0.02617
[       0.2,       0.3][       0.6,       0.7]          0.254      4.44    0.6421    0.8509    0.8469   0.03188 +/-    0.01305  -0.04729 +/-    0.01304
[       0.3,       0.4][       0.6,       0.7]         0.3503     5.806    0.6427    0.6984     0.803   0.04858 +/-    0.01101  -0.01404 +/-      0.011
[       0.4,       0.5][       0.6,       0.7]         0.4473      7.05    0.6429    0.5625    0.7636   0.05702 +/-    0.01097 0.0009739 +/-    0.01099
[       0.5,       0.6][       0.6,       0.7]          0.543     8.173    0.6411    0.4303    0.7291   0.06367 +/-    0.01367  0.004879 +/-     0.0137
[       0.6,       0.7][       0.6,       0.7]         0.6284     9.161    0.6317    0.2899    0.7062   0.04852 +/-    0.02835  0.003156 +/-    0.02836
2D binning in xbj, pt
[      minx,      maxx][      miny,      maxy]            <x>     <Q^2>       <z>      <pT>       <y>   AUTcoll +/-   dAUTcoll    AUTsiv +/-    dAUTsiv
[       0.2,       0.3][         0,       0.2]         0.2835     4.742    0.2391    0.1891    0.8104  0.006419 +/-     0.1206  -0.01916 +/-      0.121
[       0.3,       0.4][         0,       0.2]         0.3642     5.887    0.2698    0.1764    0.7832   0.01126 +/-     0.0216  -0.01663 +/-    0.02158
[       0.4,       0.5][         0,       0.2]         0.4541     7.048    0.3152    0.1597    0.7519   0.01453 +/-    0.01103  -0.00855 +/-    0.01102
[       0.5,       0.6][         0,       0.2]         0.5481     8.169    0.3548    0.1416     0.722    0.0188 +/-   0.009518 -0.003292 +/-   0.009511
[       0.6,       0.7][         0,       0.2]         0.6434      9.23    0.3724    0.1298    0.6949   0.02222 +/-    0.01232-0.0004676 +/-    0.01234
[       0.1,       0.2][       0.2,       0.4]          0.175     3.187     0.238    0.3513    0.8821  0.005085 +/-   0.007702  -0.03574 +/-   0.007697
[       0.2,       0.3][       0.2,       0.4]         0.2528     4.436    0.2599    0.3367    0.8501   0.01116 +/-   0.004042  -0.04132 +/-   0.004043
[       0.3,       0.4][       0.2,       0.4]          0.349     5.816    0.2975    0.3198    0.8074   0.01899 +/-   0.003753  -0.02947 +/-   0.003751
[       0.4,       0.5][       0.2,       0.4]         0.4459     7.082     0.338    0.3085    0.7694   0.02639 +/-   0.004143  -0.01542 +/-   0.004143
[       0.5,       0.6][       0.2,       0.4]         0.5432     8.252    0.3672    0.3003    0.7359   0.03756 +/-   0.005589 -0.006428 +/-    0.00559
[       0.6,       0.7][       0.2,       0.4]           0.64     9.333     0.382    0.2936    0.7064   0.04742 +/-   0.009502-0.0009072 +/-   0.009503
[       0.1,       0.2][       0.4,       0.6]          0.173     3.156    0.2744    0.4981    0.8838  0.007322 +/-   0.003707  -0.05599 +/-   0.003707
[       0.2,       0.3][       0.4,       0.6]         0.2478     4.377    0.3016    0.4931    0.8556    0.0159 +/-   0.002538    -0.061 +/-   0.002538
[       0.3,       0.4][       0.4,       0.6]         0.3449     5.794    0.3489    0.4873    0.8139   0.02825 +/-   0.003183  -0.04223 +/-   0.003182
[       0.4,       0.5][       0.4,       0.6]         0.4429     7.093     0.392    0.4832    0.7758    0.0403 +/-   0.004479  -0.02103 +/-    0.00448
[       0.5,       0.6][       0.4,       0.6]         0.5408     8.285    0.4202    0.4801    0.7421   0.05822 +/-   0.007384 -0.008078 +/-   0.007374
[       0.6,       0.7][       0.4,       0.6]          0.637     9.387    0.4185    0.4748    0.7139   0.07146 +/-      0.016-0.0008532 +/-      0.016
[       0.1,       0.2][       0.6,       0.8]         0.1723     3.144    0.3514    0.6804    0.8843  0.009389 +/-    0.00509  -0.07386 +/-   0.005089
[       0.2,       0.3][       0.6,       0.8]         0.2462     4.357    0.3908    0.6797    0.8573   0.02194 +/-   0.003738  -0.07947 +/-   0.003738
[       0.3,       0.4][       0.6,       0.8]         0.3434     5.786    0.4459     0.678    0.8163   0.03918 +/-   0.005123  -0.04789 +/-    0.00512
[       0.4,       0.5][       0.6,       0.8]         0.4414     7.097    0.4831    0.6755    0.7789   0.05524 +/-   0.007927  -0.02064 +/-   0.007927
[       0.5,       0.6][       0.6,       0.8]         0.5382     8.311    0.4889    0.6702    0.7481   0.07638 +/-    0.01532 -0.007188 +/-    0.01533
[       0.6,       0.7][       0.6,       0.8]         0.6289     9.434    0.4452    0.6554    0.7268   0.08389 +/-    0.05133-0.0009841 +/-    0.05164
[       0.1,       0.2][       0.8,         1]         0.1721     3.142    0.4545    0.8774    0.8843   0.01158 +/-   0.009431  -0.08661 +/-   0.009422
[       0.2,       0.3][       0.8,         1]         0.2454     4.346    0.4935    0.8761     0.858   0.02708 +/-   0.007003  -0.08083 +/-   0.006997
[       0.3,       0.4][       0.8,         1]          0.342     5.776    0.5352    0.8736    0.8182   0.04754 +/-    0.01013  -0.04118 +/-    0.01013
[       0.4,       0.5][       0.8,         1]         0.4383     7.096    0.5481    0.8673    0.7843   0.06424 +/-    0.01806  -0.01641 +/-    0.01804
[       0.5,       0.6][       0.8,         1]         0.5302      8.32     0.515    0.8532    0.7603   0.08115 +/-    0.05256 -0.007852 +/-     0.0527
[       0.1,       0.2][         1,       1.2]         0.1717     3.134    0.5501     1.074    0.8845   0.01303 +/-    0.01904  -0.08026 +/-    0.01905
[       0.2,       0.3][         1,       1.2]         0.2439     4.327    0.5726     1.072    0.8594      0.03 +/-    0.01492  -0.06734 +/-    0.01486
[       0.3,       0.4][         1,       1.2]         0.3385      5.75    0.5873     1.065     0.823   0.05048 +/-    0.02489  -0.03224 +/-    0.02484
2D binning in z, xbj
[      minx,      maxx][      miny,      maxy]            <x>     <Q^2>       <z>      <pT>       <y>   AUTcoll +/-   dAUTcoll    AUTsiv +/-    dAUTsiv
[       0.2,       0.3][       0.1,       0.2]         0.1726     3.151    0.2471    0.4731    0.8842  0.007723 +/-   0.003399  -0.05583 +/-   0.003397
[       0.3,       0.4][       0.1,       0.2]         0.1735     3.162    0.3414    0.6142    0.8831   0.01234 +/-   0.005183  -0.08751 +/-   0.005182
[       0.4,       0.5][       0.1,       0.2]         0.1741     3.171    0.4411    0.7442    0.8824   0.01493 +/-   0.008926   -0.0973 +/-   0.008921
[       0.5,       0.6][       0.1,       0.2]         0.1746     3.178    0.5413     0.864    0.8818   0.01748 +/-    0.01542  -0.09315 +/-    0.01544
[       0.6,       0.7][       0.1,       0.2]         0.1749     3.182    0.6411    0.9795    0.8813   0.01952 +/-    0.02606  -0.06867 +/-    0.02617
[       0.2,       0.3][       0.2,       0.3]          0.247      4.37    0.2517    0.4334    0.8572   0.01113 +/-   0.002466  -0.04866 +/-   0.002466
[       0.3,       0.4][       0.2,       0.3]         0.2496     4.396    0.3426    0.5498     0.853   0.01874 +/-   0.003329  -0.07282 +/-   0.003329
[       0.4,       0.5][       0.2,       0.3]         0.2512     4.413    0.4422    0.6608    0.8509   0.02333 +/-   0.005272  -0.07771 +/-   0.005272
[       0.5,       0.6][       0.2,       0.3]         0.2528     4.429    0.5423    0.7599    0.8488   0.02801 +/-   0.008357  -0.06882 +/-   0.008353
[       0.6,       0.7][       0.2,       0.3]          0.254      4.44    0.6421    0.8509    0.8469   0.03207 +/-    0.01305  -0.03967 +/-    0.01304
[       0.2,       0.3][       0.3,       0.4]         0.3445     5.801    0.2589    0.3762    0.8158    0.0155 +/-    0.00335    -0.033 +/-   0.003349
[       0.3,       0.4][       0.3,       0.4]         0.3471     5.802    0.3439    0.4637    0.8098   0.02711 +/-   0.003778   -0.0454 +/-   0.003774
[       0.4,       0.5][       0.3,       0.4]         0.3483     5.804    0.4435    0.5542    0.8073   0.03425 +/-    0.00538  -0.04596 +/-    0.00538
[       0.5,       0.6][       0.3,       0.4]         0.3495     5.807    0.5434    0.6324     0.805   0.04142 +/-   0.007705   -0.0359 +/-   0.007709
[       0.6,       0.7][       0.3,       0.4]         0.3503     5.806    0.6427    0.6984     0.803   0.04752 +/-    0.01101  -0.01001 +/-      0.011
[       0.2,       0.3][       0.4,       0.5]          0.443     7.113    0.2656    0.3242    0.7779   0.01785 +/-   0.004969  -0.01646 +/-   0.004971
[       0.3,       0.4][       0.4,       0.5]         0.4454     7.079     0.345    0.3879    0.7698   0.03379 +/-   0.004732  -0.02302 +/-   0.004731
[       0.4,       0.5][       0.4,       0.5]         0.4463      7.07    0.4446    0.4613    0.7674   0.04301 +/-   0.006175  -0.02184 +/-   0.006175
[       0.5,       0.6][       0.4,       0.5]          0.447     7.061    0.5442    0.5233    0.7654   0.05208 +/-   0.008183  -0.01414 +/-   0.008177
[       0.6,       0.7][       0.4,       0.5]         0.4473      7.05    0.6429    0.5625    0.7636   0.05866 +/-    0.01097  0.003102 +/-    0.01099
[       0.2,       0.3][       0.5,       0.6]         0.5412     8.323    0.2716    0.2806     0.745   0.01964 +/-   0.008252 -0.006903 +/-   0.008257
[       0.3,       0.4][       0.5,       0.6]         0.5436     8.237    0.3457    0.3255     0.734   0.03859 +/-   0.006706 -0.008851 +/-     0.0067
[       0.4,       0.5][       0.5,       0.6]         0.5442     8.223    0.4452    0.3855    0.7321   0.04925 +/-   0.008193 -0.007373 +/-   0.008182
[       0.5,       0.6][       0.5,       0.6]         0.5445     8.207    0.5444    0.4297    0.7302   0.05902 +/-    0.01022 -0.002674 +/-    0.01022
[       0.6,       0.7][       0.5,       0.6]          0.543     8.173    0.6411    0.4303    0.7291   0.06141 +/-    0.01367   0.00592 +/-     0.0137
[       0.2,       0.3][       0.6,       0.7]         0.6388     9.462    0.2767     0.247    0.7176   0.01984 +/-    0.01614 -0.001724 +/-    0.01616
[       0.3,       0.4][       0.6,       0.7]         0.6414     9.295    0.3462    0.2778     0.702   0.04227 +/-    0.01117 -0.001829 +/-    0.01117
[       0.4,       0.5][       0.6,       0.7]         0.6413     9.275    0.4453    0.3209    0.7006   0.05296 +/-    0.01307-0.0006761 +/-    0.01307
[       0.5,       0.6][       0.6,       0.7]         0.6394     9.242    0.5428    0.3329    0.7003   0.05891 +/-    0.01628   0.00152 +/-    0.01631
[       0.6,       0.7][       0.6,       0.7]         0.6284     9.161    0.6317    0.2899    0.7062   0.04925 +/-    0.02835  0.004296 +/-    0.02836
2D binning in z, pt
[      minx,      maxx][      miny,      maxy]            <x>     <Q^2>       <z>      <pT>       <y>   AUTcoll +/-   dAUTcoll    AUTsiv +/-    dAUTsiv
[       0.2,       0.3][         0,       0.2]         0.4863     7.493    0.2665    0.1545    0.7465   0.01065 +/-   0.009009 -0.008525 +/-   0.009006
[       0.3,       0.4][         0,       0.2]         0.5518     8.127    0.3412    0.1437    0.7135    0.0199 +/-   0.009461   -0.0047 +/-   0.009457
[       0.4,       0.5][         0,       0.2]         0.5774     8.376    0.4424    0.1404    0.7027   0.02289 +/-     0.0144 -0.002638 +/-     0.0144
[       0.5,       0.6][         0,       0.2]         0.5847      8.43    0.5418    0.1385    0.6985   0.02489 +/-     0.0209-0.0006405 +/-    0.02091
[       0.6,       0.7][         0,       0.2]          0.572     8.269    0.6394    0.1384    0.7004   0.02524 +/-    0.03153  0.002292 +/-    0.03161
[       0.2,       0.3][       0.2,       0.4]          0.323     5.408    0.2524    0.3218    0.8113   0.01342 +/-   0.002492  -0.02976 +/-   0.002492
[       0.3,       0.4][       0.2,       0.4]         0.4196     6.647    0.3399    0.3195    0.7674   0.02851 +/-   0.003788  -0.02361 +/-   0.003787
[       0.4,       0.5][       0.2,       0.4]         0.4738     7.296    0.4413    0.3182     0.746   0.03719 +/-   0.006431  -0.01485 +/-   0.006427
[       0.5,       0.6][       0.2,       0.4]         0.5013     7.602    0.5416    0.3172    0.7347    0.0436 +/-   0.009996 -0.006789 +/-   0.009993
[       0.6,       0.7][       0.2,       0.4]         0.5065     7.652    0.6405    0.3175    0.7319   0.04618 +/-    0.01531  0.003383 +/-    0.01534
[       0.2,       0.3][       0.4,       0.6]         0.2598     4.525    0.2549    0.4811    0.8439   0.01306 +/-   0.002189  -0.05008 +/-   0.002188
[       0.3,       0.4][       0.4,       0.6]         0.3135     5.267    0.3425    0.4965     0.814   0.02619 +/-   0.002773  -0.05319 +/-   0.002772
[       0.4,       0.5][       0.4,       0.6]         0.3667     5.979    0.4415    0.5047      0.79   0.03738 +/-   0.004533  -0.04035 +/-   0.004532
[       0.5,       0.6][       0.4,       0.6]         0.4127     6.574    0.5417    0.5061    0.7717    0.0485 +/-   0.007238  -0.02268 +/-    0.00724
[       0.6,       0.7][       0.4,       0.6]         0.4335     6.834    0.6408    0.5068    0.7638   0.05466 +/-    0.01125-0.0007357 +/-    0.01125
[       0.2,       0.3][       0.6,       0.8]         0.2216     3.964    0.2723    0.6497    0.8665   0.01116 +/-   0.005868  -0.06986 +/-   0.005867
[       0.3,       0.4][       0.6,       0.8]         0.2593     4.518    0.3489    0.6764     0.844   0.02239 +/-   0.003821  -0.08045 +/-   0.003818
[       0.4,       0.5][       0.6,       0.8]         0.2964     5.035    0.4447    0.6875     0.823   0.03204 +/-   0.004818  -0.06718 +/-   0.004819
[       0.5,       0.6][       0.6,       0.8]         0.3296      5.49    0.5429     0.695     0.807   0.04256 +/-   0.006935  -0.04683 +/-   0.006937
[       0.6,       0.7][       0.6,       0.8]         0.3575     5.877    0.6414    0.6991    0.7963   0.05121 +/-    0.01056  -0.01372 +/-    0.01057
[       0.3,       0.4][       0.8,         1]         0.2228     3.982    0.3635    0.8555    0.8657   0.01744 +/-    0.01024   -0.1034 +/-    0.01023
[       0.4,       0.5][       0.8,         1]         0.2563     4.475     0.449    0.8746     0.846   0.02667 +/-   0.007959  -0.08766 +/-   0.007948
[       0.5,       0.6][       0.8,         1]         0.2826     4.846    0.5461    0.8824    0.8309   0.03615 +/-   0.009354  -0.06467 +/-   0.009359
[       0.6,       0.7][       0.8,         1]         0.2945     5.014    0.6434    0.8878    0.8248   0.04224 +/-    0.01253  -0.03107 +/-    0.01252
[       0.4,       0.5][         1,       1.2]         0.2243     4.004    0.4588     1.059    0.8647   0.02035 +/-    0.02098   -0.1022 +/-    0.02093
[       0.5,       0.6][         1,       1.2]         0.2503     4.391    0.5495     1.073    0.8499   0.02952 +/-    0.01756  -0.07545 +/-     0.0175
[       0.6,       0.7][         1,       1.2]         0.2581     4.499    0.6455     1.079    0.8446   0.03496 +/-     0.0201  -0.04128 +/-    0.02011
2D binning in pt, xbj
[      minx,      maxx][      miny,      maxy]            <x>     <Q^2>       <z>      <pT>       <y>   AUTcoll +/-   dAUTcoll    AUTsiv +/-    dAUTsiv
[       0.2,       0.4][       0.1,       0.2]          0.175     3.187     0.238    0.3513    0.8821  0.005978 +/-   0.007702   -0.0362 +/-   0.007697
[       0.4,       0.6][       0.1,       0.2]          0.173     3.156    0.2744    0.4981    0.8838  0.008813 +/-   0.003707  -0.06131 +/-   0.003707
[       0.6,       0.8][       0.1,       0.2]         0.1723     3.144    0.3514    0.6804    0.8843    0.0128 +/-    0.00509  -0.09226 +/-   0.005089
[       0.8,         1][       0.1,       0.2]         0.1721     3.142    0.4545    0.8774    0.8843   0.01576 +/-   0.009431   -0.1038 +/-   0.009422
[         1,       1.2][       0.1,       0.2]         0.1717     3.134    0.5501     1.074    0.8845   0.01647 +/-    0.01904  -0.08784 +/-    0.01905
[         0,       0.2][       0.2,       0.3]         0.2835     4.742    0.2391    0.1891    0.8104   0.00272 +/-     0.1206 -0.006441 +/-      0.121
[       0.2,       0.4][       0.2,       0.3]         0.2528     4.436    0.2599    0.3367    0.8501   0.01049 +/-   0.004042  -0.03629 +/-   0.004043
[       0.4,       0.6][       0.2,       0.3]         0.2478     4.377    0.3016    0.4931    0.8556   0.01491 +/-   0.002538  -0.05858 +/-   0.002538
[       0.6,       0.8][       0.2,       0.3]         0.2462     4.357    0.3908    0.6797    0.8573    0.0218 +/-   0.003738  -0.08142 +/-   0.003738
[       0.8,         1][       0.2,       0.3]         0.2454     4.346    0.4935    0.8761     0.858   0.02663 +/-   0.007003  -0.08155 +/-   0.006997
[         1,       1.2][       0.2,       0.3]         0.2439     4.327    0.5726     1.072    0.8594   0.02732 +/-    0.01492  -0.06404 +/-    0.01486
[         0,       0.2][       0.3,       0.4]         0.3642     5.887    0.2698    0.1764    0.7832  0.006495 +/-     0.0216 -0.007634 +/-    0.02158
[       0.2,       0.4][       0.3,       0.4]          0.349     5.816    0.2975    0.3198    0.8074   0.01771 +/-   0.003753  -0.02798 +/-   0.003751
[       0.4,       0.6][       0.3,       0.4]         0.3449     5.794    0.3489    0.4873    0.8139   0.02631 +/-   0.003183  -0.04198 +/-   0.003182
[       0.6,       0.8][       0.3,       0.4]         0.3434     5.786    0.4459     0.678    0.8163   0.03839 +/-   0.005123   -0.0503 +/-    0.00512
[       0.8,         1][       0.3,       0.4]          0.342     5.776    0.5352    0.8736    0.8182   0.04601 +/-    0.01013    -0.043 +/-    0.01013
[         1,       1.2][       0.3,       0.4]         0.3385      5.75    0.5873     1.065     0.823   0.04471 +/-    0.02489  -0.03287 +/-    0.02484
[         0,       0.2][       0.4,       0.5]         0.4541     7.048    0.3152    0.1597    0.7519   0.01005 +/-    0.01103 -0.005172 +/-    0.01102
[       0.2,       0.4][       0.4,       0.5]         0.4459     7.082     0.338    0.3085    0.7694   0.02678 +/-   0.004143  -0.01648 +/-   0.004143
[       0.4,       0.6][       0.4,       0.5]         0.4429     7.093     0.392    0.4832    0.7758   0.04028 +/-   0.004479  -0.02263 +/-    0.00448
[       0.6,       0.8][       0.4,       0.5]         0.4414     7.097    0.4831    0.6755    0.7789   0.05786 +/-   0.007927  -0.02331 +/-   0.007927
[       0.8,         1][       0.4,       0.5]         0.4383     7.096    0.5481    0.8673    0.7843   0.06593 +/-    0.01806  -0.01891 +/-    0.01804
[         0,       0.2][       0.5,       0.6]         0.5481     8.169    0.3548    0.1416     0.722   0.01311 +/-   0.009518 -0.002246 +/-   0.009511
[       0.2,       0.4][       0.5,       0.6]         0.5432     8.252    0.3672    0.3003    0.7359   0.03684 +/-   0.005589 -0.006897 +/-    0.00559
[       0.4,       0.6][       0.5,       0.6]         0.5408     8.285    0.4202    0.4801    0.7421   0.05543 +/-   0.007384 -0.008537 +/-   0.007374
[       0.6,       0.8][       0.5,       0.6]         0.5382     8.311    0.4889    0.6702    0.7481   0.07601 +/-    0.01532 -0.008165 +/-    0.01533
[       0.8,         1][       0.5,       0.6]         0.5302      8.32     0.515    0.8532    0.7603   0.07801 +/-    0.05256  -0.01037 +/-     0.0527
[         0,       0.2][       0.6,       0.7]         0.6434      9.23    0.3724    0.1298    0.6949   0.01644 +/-    0.01232-0.0004335 +/-    0.01234
[       0.2,       0.4][       0.6,       0.7]           0.64     9.333     0.382    0.2936    0.7064   0.04726 +/-   0.009502 -0.001272 +/-   0.009503
[       0.4,       0.6][       0.6,       0.7]          0.637     9.387    0.4185    0.4748    0.7139   0.06865 +/-      0.016   -0.0013 +/-      0.016
[       0.6,       0.8][       0.6,       0.7]         0.6289     9.434    0.4452    0.6554    0.7268   0.08512 +/-    0.05133 -0.002143 +/-    0.05164
2D binning in pt, z
[      minx,      maxx][      miny,      maxy]            <x>     <Q^2>       <z>      <pT>       <y>   AUTcoll +/-   dAUTcoll    AUTsiv +/-    dAUTsiv
[         0,       0.2][       0.2,       0.3]         0.4863     7.493    0.2665    0.1545    0.7465  0.009942 +/-   0.009009 -0.004229 +/-   0.009006
[       0.2,       0.4][       0.2,       0.3]          0.323     5.408    0.2524    0.3218    0.8113   0.01521 +/-   0.002492  -0.02824 +/-   0.002492
[       0.4,       0.6][       0.2,       0.3]         0.2598     4.525    0.2549    0.4811    0.8439   0.01399 +/-   0.002189  -0.05339 +/-   0.002188
[       0.6,       0.8][       0.2,       0.3]         0.2216     3.964    0.2723    0.6497    0.8665    0.0136 +/-   0.005868  -0.08431 +/-   0.005867
[         0,       0.2][       0.3,       0.4]         0.5518     8.127    0.3412    0.1437    0.7135   0.01354 +/-   0.009461 -0.002823 +/-   0.009457
[       0.2,       0.4][       0.3,       0.4]         0.4196     6.647    0.3399    0.3195    0.7674   0.02652 +/-   0.003788   -0.0213 +/-   0.003787
[       0.4,       0.6][       0.3,       0.4]         0.3135     5.267    0.3425    0.4965     0.814   0.02344 +/-   0.002773  -0.04996 +/-   0.002772
[       0.6,       0.8][       0.3,       0.4]         0.2593     4.518    0.3489    0.6764     0.844   0.02145 +/-   0.003821   -0.0818 +/-   0.003818
[       0.8,         1][       0.3,       0.4]         0.2228     3.982    0.3635    0.8555    0.8657   0.01747 +/-    0.01024   -0.1055 +/-    0.01023
[         0,       0.2][       0.4,       0.5]         0.5774     8.376    0.4424    0.1404    0.7027   0.01655 +/-     0.0144  -0.00176 +/-     0.0144
[       0.2,       0.4][       0.4,       0.5]         0.4738     7.296    0.4413    0.3182     0.746   0.03639 +/-   0.006431  -0.01439 +/-   0.006427
[       0.4,       0.6][       0.4,       0.5]         0.3667     5.979    0.4415    0.5047      0.79   0.03513 +/-   0.004533  -0.03974 +/-   0.004532
[       0.6,       0.8][       0.4,       0.5]         0.2964     5.035    0.4447    0.6875     0.823   0.03194 +/-   0.004818   -0.0712 +/-   0.004819
[       0.8,         1][       0.4,       0.5]         0.2563     4.475     0.449    0.8746     0.846   0.02626 +/-   0.007959  -0.09306 +/-   0.007948
[         1,       1.2][       0.4,       0.5]         0.2243     4.004    0.4588     1.059    0.8647   0.01935 +/-    0.02098  -0.09924 +/-    0.02093
[         0,       0.2][       0.5,       0.6]         0.5847      8.43    0.5418    0.1385    0.6985   0.01825 +/-     0.0209-0.0005064 +/-    0.02091
[       0.2,       0.4][       0.5,       0.6]         0.5013     7.602    0.5416    0.3172    0.7347   0.04298 +/-   0.009996 -0.007038 +/-   0.009993
[       0.4,       0.6][       0.5,       0.6]         0.4127     6.574    0.5417    0.5061    0.7717    0.0462 +/-   0.007238  -0.02319 +/-    0.00724
[       0.6,       0.8][       0.5,       0.6]         0.3296      5.49    0.5429     0.695     0.807   0.04272 +/-   0.006935  -0.05084 +/-   0.006937
[       0.8,         1][       0.5,       0.6]         0.2826     4.846    0.5461    0.8824    0.8309   0.03609 +/-   0.009354  -0.06946 +/-   0.009359
[         1,       1.2][       0.5,       0.6]         0.2503     4.391    0.5495     1.073    0.8499   0.02757 +/-    0.01756  -0.07495 +/-     0.0175
[         0,       0.2][       0.6,       0.7]          0.572     8.269    0.6394    0.1384    0.7004   0.01858 +/-    0.03153   0.00129 +/-    0.03161
[       0.2,       0.4][       0.6,       0.7]         0.5065     7.652    0.6405    0.3175    0.7319   0.04583 +/-    0.01531  0.001931 +/-    0.01534
[       0.4,       0.6][       0.6,       0.7]         0.4335     6.834    0.6408    0.5068    0.7638   0.05274 +/-    0.01125 -0.003404 +/-    0.01125
[       0.6,       0.8][       0.6,       0.7]         0.3575     5.877    0.6414    0.6991    0.7963   0.05221 +/-    0.01056  -0.01868 +/-    0.01057
[       0.8,         1][       0.6,       0.7]         0.2945     5.014    0.6434    0.8878    0.8248   0.04282 +/-    0.01253  -0.03684 +/-    0.01252
[         1,       1.2][       0.6,       0.7]         0.2581     4.499    0.6455     1.079    0.8446   0.03333 +/-     0.0201  -0.04344 +/-    0.02011
