i	Ebeam	x	y	z	Q2	pT	obs	Nacc	stat_sivers	stat_collins	stat_pretzelosity	systrel	systabs	target	hadron	Experiment	AUTSivers	error_stat_sivers	error_tot_sivers	AUTCollins	error_stat_collins	error_tot_collins	AUTPretzelosity	error_stat_pretzelosity	error_tot_pretzelosity
0	11.0	0.133998	0.55185	0.323755	1.500144	0.124343	AUT	19562129.647118	0.002942	0.002586	0.00259	0.070207	0.001192	neutron	pi+	solid	-0.012020078455502764	0.002942	0.0032845676259359523	-0.05032150302525589	0.002586	0.004537598063153131	6.534707176637664e-05	0.00259	0.002851137500737116
1	11.0	0.21727	0.401135	0.324599	1.773087	0.076804	AUT	7958608.886588	0.004043	0.004004	0.004009	0.070207	0.001343	neutron	pi+	solid	-0.006326116268993537	0.004043	0.004283311364775488	-0.047215195997599775	0.004004	0.005368781155542445	4.776831708003637e-05	0.004009	0.004227971292133387
2	11.0	0.092643	0.683318	0.323372	1.294186	0.30351	AUT	19073792.876076	0.003622	0.002924	0.00292	0.070207	0.001125	neutron	pi+	solid	-0.029172616753072308	0.003622	0.004310372644588079	-0.06603792158174332	0.002924	0.005595614762978947	0.00029890506311445146	0.00292	0.003129291514030675
3	11.0	0.154878	0.54879	0.322572	1.681252	0.310245	AUT	10466177.607927	0.003847	0.003588	0.003626	0.070207	0.001227	neutron	pi+	solid	-0.02849007080125893	0.003847	0.0045061899254183685	-0.12588460174216023	0.003588	0.00961712886601932	0.0011908517359246623	0.003626	0.003828889523688263
4	11.0	0.085966	0.715643	0.323588	1.25449	0.491645	AUT	18901363.164168	0.002186	0.002237	0.002244	0.070207	0.001115	neutron	pi+	solid	-0.045667838971462	0.002186	0.00403751805899671	-0.0775640826489682	0.002237	0.005991770754844951	0.0007790920958307606	0.002244	0.0025063425225692634
5	11.0	0.158307	0.527143	0.324561	1.650076	0.480726	AUT	16320045.981655	0.002662	0.002865	0.002851	0.070207	0.001234	neutron	pi+	solid	-0.043147770950100875	0.002662	0.004217287088720477	-0.1743783307553878	0.002865	0.01263375371828266	0.003880089359314781	0.002851	0.003118519504434948
6	11.0	0.103943	0.691153	0.326782	1.411257	0.668541	AUT	8328347.069864	0.003281	0.003955	0.004009	0.070207	0.001143	neutron	pi+	solid	-0.06075583757815155	0.003281	0.005501433726147721	-0.10369448048009172	0.003955	0.008363493013093465	0.002275779833692158	0.004009	0.004171817141996122
7	11.0	0.152717	0.511413	0.373838	1.567191	0.114451	AUT	18878541.665543	0.002656	0.002498	0.002513	0.070207	0.001233	neutron	pi+	solid	-0.012693913271023191	0.002656	0.0030608602118720545	-0.047535506591484256	0.002498	0.004347186818303567	8.420904497625249e-05	0.002513	0.0027991950543871918
8	11.0	0.252075	0.351021	0.374496	1.8179	0.097056	AUT	2433161.991103	0.008447	0.008029	0.008036	0.070207	0.00142	neutron	pi+	solid	-0.008516283452879412	0.008447	0.008586366906524956	-0.05664561953868629	0.008029	0.009071776332101437	0.00015408392117084596	0.008036	0.00816050323351107
9	11.0	0.106439	0.651476	0.373817	1.410664	0.295822	AUT	18768392.142235	0.005868	0.004042	0.00407	0.070207	0.001153	neutron	pi+	solid	-0.0333519312466437	0.005868	0.006422276703938407	-0.06999796947376687	0.004042	0.006466682595349391	0.0004805530249228434	0.00407	0.004230301084463074
10	11.0	0.182192	0.488861	0.372502	1.789458	0.291024	AUT	1170616.754393	0.013507	0.012643	0.01277	0.070207	0.001288	neutron	pi+	solid	-0.029813084701704056	0.013507	0.013728765683207793	-0.12648662790347212	0.012643	0.015503650350493082	0.0017813084675305927	0.01277	0.01283539964646734
11	11.0	0.101879	0.666505	0.373393	1.364232	0.499801	AUT	19812432.672841	0.002143	0.002144	0.002152	0.070207	0.001145	neutron	pi+	solid	-0.05415053439554784	0.002143	0.004511845627860441	-0.09341480800015947	0.002144	0.006994285023163623	0.0015666219091683023	0.002152	0.0024401283411966635
12	11.0	0.200845	0.425816	0.373689	1.725008	0.491021	AUT	5902089.061548	0.00455	0.007168	0.007141	0.070207	0.001322	neutron	pi+	solid	-0.04682416781593321	0.00455	0.005766895166695845	-0.20148244036423849	0.007168	0.0159129647488058	0.008579104276171222	0.007141	0.007287272889049384
13	11.0	0.107305	0.670076	0.375894	1.405941	0.692024	AUT	11829654.737002	0.002807	0.002961	0.002958	0.070207	0.001154	neutron	pi+	solid	-0.07139678324459339	0.002807	0.005859749330344672	-0.10471873386406869	0.002961	0.008009429863238438	0.003184947459756314	0.002958	0.0031829985025400138
14	11.0	0.111137	0.616988	0.423727	1.396493	0.251285	AUT	19027658.054568	0.004466	0.003341	0.003346	0.070207	0.001165	neutron	pi+	solid	-0.03249509516809205	0.004466	0.005148503672037168	-0.06128627520482412	0.003341	0.005570722837199947	0.0004171585162007871	0.003346	0.003543134030008919
15	11.0	0.1881	0.456577	0.424433	1.725783	0.127903	AUT	12851708.309415	0.003227	0.003124	0.003137	0.070207	0.001306	neutron	pi+	solid	-0.015201338867284295	0.003227	0.0036411766047274624	-0.056175293199485235	0.003124	0.005198014026607476	0.00021676651811824315	0.003137	0.0033980342263670842
16	11.0	0.094858	0.689165	0.423793	1.326266	0.576703	AUT	19295964.037413	0.002161	0.002214	0.002211	0.070207	0.001137	neutron	pi+	solid	-0.06863769165017203	0.002161	0.005402219062313405	-0.08175591711328874	0.002214	0.0062562210246905675	0.0019618202332687498	0.002211	0.002490032232850727
17	11.0	0.179888	0.470784	0.423688	1.689638	0.572506	AUT	8007756.599419	0.003833	0.004766	0.004751	0.070207	0.00129	neutron	pi+	solid	-0.06318368804477942	0.003833	0.006002793326702522	-0.18130809500725806	0.004766	0.013653159974344548	0.010501775662795587	0.004751	0.0049779222154002845
18	11.0	0.125398	0.580604	0.473781	1.4716	0.2323	AUT	19021470.588812	0.003444	0.002858	0.00287	0.070207	0.001195	neutron	pi+	solid	-0.03352153071597357	0.003444	0.004339109307040117	-0.06066787282655759	0.002858	0.0052666787559135985	0.0005191272192869057	0.00287	0.003109059880011756
19	11.0	0.213689	0.407106	0.474227	1.76783	0.115264	AUT	6001117.508056	0.00478	0.004713	0.00472	0.070207	0.001365	neutron	pi+	solid	-0.01453815643155817	0.00478	0.0050747821011348495	-0.05058946032556902	0.004713	0.006057260941980328	0.0002401185502594805	0.00472	0.004913441685037801
20	11.0	0.107738	0.651847	0.473784	1.394078	0.591646	AUT	18581274.428361	0.002283	0.002271	0.00227	0.070207	0.001163	neutron	pi+	solid	-0.07764782773185522	0.002283	0.006023508061958252	-0.09347700774361882	0.002271	0.007041276163991793	0.003319131579725982	0.00227	0.0025612048420404136
21	11.0	0.223181	0.386772	0.473079	1.766498	0.598804	AUT	1751437.744387	0.009286	0.015795	0.015874	0.070207	0.001385	neutron	pi+	solid	-0.06555386668706456	0.009286	0.010456077534490604	-0.20169603282802626	0.015795	0.021258392607482125	0.02081537757766157	0.015874	0.016001179573472506
22	11.0	0.148449	0.53092	0.523954	1.548136	0.207815	AUT	19282661.979108	0.002909	0.002624	0.002633	0.070207	0.001242	neutron	pi+	solid	-0.03266065476263927	0.002909	0.0039067536672835355	-0.06078434577619775	0.002624	0.00516133525099351	0.0006450065461211961	0.002633	0.002911580951708896
23	11.0	0.285598	0.319602	0.524393	1.883567	0.177209	AUT	271240.57567	0.04872	0.03644	0.03722	0.070207	0.001518	neutron	pi+	solid	-0.0200151388591859	0.04872	0.048763893600291715	-0.07767070359123475	0.03644	0.03687700405960171	0.0016527178535133953	0.03722	0.03725112330533283
24	11.0	0.11188	0.644275	0.524102	1.413564	0.666292	AUT	18614748.729038	0.00233	0.002304	0.0023	0.070207	0.001174	neutron	pi+	solid	-0.09217223662994804	0.00233	0.0069773046328785475	-0.09715570534167207	0.002304	0.007294715736234614	0.004972126332607859	0.0023	0.002605788076830496
25	11.0	0.248742	0.359348	0.518384	1.84374	0.608166	AUT	134047.451803	0.042413	0.071162	0.072716	0.070207	0.001446	neutron	pi+	solid	-0.06715352530457362	0.042413	0.04269872816057522	-0.20115628761149668	0.071162	0.0725642364480707	0.029153775178281938	0.072716	0.07275917095824389
26	11.0	0.129083	0.578707	0.574101	1.487	0.302531	AUT	18506430.512721	0.003332	0.002834	0.002844	0.070207	0.001213	neutron	pi+	solid	-0.0521171515154925	0.003332	0.005095271577807406	-0.06848747473477929	0.002834	0.005711626320398347	0.00142764120791807	0.002844	0.003093501435969267
27	11.0	0.236352	0.371643	0.574023	1.798714	0.14613	AUT	2293103.584738	0.008355	0.008137	0.008138	0.070207	0.001433	neutron	pi+	solid	-0.021304963496333408	0.008355	0.008607950087840599	-0.05790638574467361	0.008137	0.009208257628398386	0.000741867576256256	0.008138	0.0082633677017295
28	11.0	0.110769	0.64597	0.574301	1.401396	0.802598	AUT	9657556.187177	0.003163	0.003157	0.003148	0.070207	0.001178	neutron	pi+	solid	-0.11041939742293928	0.003163	0.008455121805457816	-0.09789127021325368	0.003157	0.007654259214273449	0.0067380614542474826	0.003148	0.003394314790007089
29	11.0	0.131777	0.575711	0.623841	1.489437	0.370775	AUT	19245592.743362	0.002944	0.00263	0.00263	0.070207	0.001225	neutron	pi+	solid	-0.06811280282527526	0.002944	0.005747629286988927	-0.07979039988635879	0.00263	0.006308580504088759	0.0028380440127272538	0.00263	0.002908130977804632
30	11.0	0.254984	0.348971	0.62204	1.833894	0.163158	AUT	624272.214035	0.018191	0.016961	0.017119	0.070207	0.001486	neutron	pi+	solid	-0.024673276974464465	0.018191	0.018333611787662837	-0.06305062608069911	0.016961	0.01759199997147682	0.0013137399222603418	0.017119	0.017183621971591397
31	11.0	0.127893	0.59123	0.673485	1.476441	0.465292	AUT	17950936.463023	0.002771	0.002598	0.002604	0.070207	0.001225	neutron	pi+	solid	-0.08934564130413811	0.002771	0.006966038960459469	-0.0896393115678159	0.002598	0.006917799061083146	0.005011949352576179	0.002604	0.002899181998658295
32	11.0	0.20324	0.564233	0.323969	2.340385	0.10861	AUT	11087938.347063	0.003626	0.003454	0.003463	0.070207	0.001321	neutron	pi+	solid	-0.009015971158474226	0.003626	0.003910701485378884	-0.05313327372546479	0.003454	0.0052526661906891715	9.61786835194718e-05	0.003463	0.003706407370370005
33	11.0	0.289629	0.428078	0.324569	2.533493	0.090171	AUT	7766485.501888	0.004643	0.004533	0.004525	0.070207	0.001475	neutron	pi+	solid	-0.00576326174103838	0.004643	0.004888434556196265	-0.05534511858417551	0.004533	0.006149936252606077	0.00012060757933144847	0.004525	0.0047593404688563695
34	11.0	0.184067	0.614892	0.323623	2.300983	0.399107	AUT	11420903.121014	0.00323	0.003285	0.003291	0.070207	0.001286	neutron	pi+	solid	-0.03361203591279002	0.00323	0.004201827341654101	-0.14509540622044326	0.003285	0.010780266532124626	0.0028458103012350493	0.003291	0.00353898224963387
35	11.0	0.288136	0.423019	0.323232	2.487066	0.462651	AUT	4922922.86487	0.006087	0.009046	0.009029	0.070207	0.001471	neutron	pi+	solid	-0.028473853008512025	0.006087	0.0065735580981039704	-0.22704649240344016	0.009046	0.018387104873861512	0.011616481955728097	0.009029	0.009184324548930013
36	11.0	0.215623	0.540175	0.373983	2.369079	0.108034	AUT	11004259.11662	0.003547	0.00346	0.003485	0.070207	0.001355	neutron	pi+	solid	-0.010252294793178882	0.003547	0.0038646243499639034	-0.04987832337256326	0.00346	0.00510590642393638	0.00013092600942831144	0.003485	0.0037391622713431917
37	11.0	0.305285	0.407231	0.374084	2.552197	0.105899	AUT	4399422.840954	0.006596	0.006335	0.006339	0.070207	0.001519	neutron	pi+	solid	-0.0075540717852176816	0.006596	0.006789392223350952	-0.058363520953451396	0.006335	0.007696058691300226	0.00025551758591579415	0.006339	0.006518481710654679
38	11.0	0.207141	0.570346	0.373405	2.335034	0.409406	AUT	11045935.429671	0.003746	0.003733	0.003754	0.070207	0.001334	neutron	pi+	solid	-0.0381929559945572	0.003746	0.004796044926173085	-0.15157470351575092	0.003733	0.011355994295514576	0.004887932712943062	0.003754	0.0039987292547778676
39	11.0	0.357843	0.366403	0.373916	2.705805	0.443151	AUT	431796.122344	0.03576	0.035088	0.035507	0.070207	0.001616	neutron	pi+	solid	-0.02439197654971502	0.03576	0.03583743391245423	-0.19624060304625288	0.035088	0.03773059388307009	0.017609099645014375	0.035507	0.03556524846432055
40	11.0	0.210021	0.570943	0.375983	2.39158	0.687454	AUT	3156209.996083	0.006259	0.006336	0.006426	0.070207	0.001341	neutron	pi+	solid	-0.05945767937235758	0.006259	0.007641892478155649	-0.18544768952294197	0.006336	0.014541541888995478	0.014541449945024047	0.006426	0.006643343845278787
41	11.0	0.233177	0.50956	0.423962	2.399138	0.110599	AUT	11037006.071654	0.003623	0.003565	0.003561	0.070207	0.001396	neutron	pi+	solid	-0.011519961203406414	0.003623	0.00396598955974223	-0.048770746815795296	0.003565	0.005136355175147531	0.00019489429593295938	0.003561	0.003824882249553832
42	11.0	0.336554	0.380263	0.423758	2.638481	0.127266	AUT	1167113.544856	0.015976	0.014168	0.01421	0.070207	0.001592	neutron	pi+	solid	-0.009259814325014165	0.015976	0.01606828164211663	-0.062150968278074877	0.014168	0.014909937484993417	0.0005941338877716846	0.01421	0.014298961637853224
43	11.0	0.201917	0.580779	0.423984	2.342474	0.480728	AUT	10860612.656437	0.003702	0.003663	0.003655	0.070207	0.001336	neutron	pi+	solid	-0.05095023243394649	0.003702	0.005318371882497789	-0.1486343089283481	0.003663	0.011139803208926912	0.007715830530118427	0.003655	0.003929041314016207
44	11.0	0.338168	0.374754	0.42323	2.613602	0.444459	AUT	776071.301382	0.025469	0.023089	0.023312	0.070207	0.001595	neutron	pi+	solid	-0.030465508881486723	0.025469	0.025608374507392024	-0.18350146019376687	0.023089	0.02648810821967638	0.018947005968989378	0.023312	0.023404333661888058
45	11.0	0.210059	0.555981	0.474121	2.367151	0.175169	AUT	10862811.660904	0.00379	0.003617	0.003609	0.070207	0.001363	neutron	pi+	solid	-0.021776558891852364	0.00379	0.004308050940570617	-0.06286777740319172	0.003617	0.005867002480617555	0.0006602325148330236	0.003609	0.0038580822432178817
46	11.0	0.308804	0.402743	0.474336	2.553999	0.143409	AUT	3204712.394566	0.008214	0.007758	0.007744	0.070207	0.001553	neutron	pi+	solid	-0.01319275593216698	0.008214	0.008410677473118607	-0.06384516578969322	0.007758	0.009093408686623236	0.0008374987036455953	0.007744	0.007898405043850932
47	11.0	0.210766	0.561897	0.473572	2.344386	0.662194	AUT	4894398.311419	0.00513	0.005654	0.005658	0.070207	0.00136	neutron	pi+	solid	-0.07166635677548697	0.00513	0.007313158694169596	-0.1664307735652811	0.005654	0.013051717031758985	0.018022717129530238	0.005658	0.005955132322946779
48	11.0	0.230543	0.521441	0.524152	2.401223	0.176829	AUT	11122178.788609	0.003848	0.003678	0.003682	0.070207	0.001411	neutron	pi+	solid	-0.02329403950543755	0.003848	0.00441277387919687	-0.06309043127545659	0.003678	0.005927739869631389	0.00094665279722611	0.003682	0.003943661008670856
49	11.0	0.36322	0.368728	0.524055	2.763563	0.207874	AUT	332322.596028	0.050033	0.037186	0.037797	0.070207	0.00168	neutron	pi+	solid	-0.0170898088801941	0.050033	0.05007557355777192	-0.08041665663374123	0.037186	0.03764965061639201	0.0034882782947375586	0.037797	0.03783511048974574
50	11.0	0.198526	0.587696	0.523747	2.331067	0.688022	AUT	3551811.487162	0.00605	0.006374	0.006427	0.070207	0.001348	neutron	pi+	solid	-0.08293471751928017	0.00605	0.008504248827850114	-0.15094698646933166	0.006374	0.012439965022127093	0.018242495350063906	0.006427	0.006690572157422314
51	11.0	0.227261	0.530487	0.573928	2.394447	0.249052	AUT	10962483.325822	0.00392	0.003725	0.003759	0.070207	0.001416	neutron	pi+	solid	-0.03620682725611122	0.00392	0.004881913693949474	-0.08034976062400903	0.003725	0.006906726193389021	0.002697327972129192	0.003759	0.0040213180042287635
52	11.0	0.389566	0.363087	0.568736	2.91959	0.220121	AUT	17376.334996	0.28212	0.194425	0.208241	0.070207	0.00176	neutron	pi+	solid	-0.017698091371306075	0.28212	0.2821282259550693	-0.07634490812935955	0.194425	0.19450683087354032	0.00490193330886448	0.208241	0.20824872177337464
53	11.0	0.221625	0.540414	0.623829	2.387954	0.291179	AUT	9056286.880408	0.004229	0.004068	0.004103	0.070207	0.001419	neutron	pi+	solid	-0.046779394288458634	0.004229	0.005539335746989927	-0.08685385599040826	0.004068	0.007466238933507605	0.004360656628753895	0.004103	0.00435222896657426
54	11.0	0.216433	0.550863	0.67335	2.390334	0.286822	AUT	6701554.305173	0.004935	0.004742	0.004769	0.070207	0.001425	neutron	pi+	solid	-0.05104924628919568	0.004935	0.006263386421476578	-0.08168660534215279	0.004742	0.007576746473270996	0.004402971530015475	0.004769	0.004986937017567605
55	11.0	0.310088	0.53313	0.324463	3.365694	0.096368	AUT	5075548.286925	0.005721	0.005659	0.005649	0.070207	0.001514	neutron	pi+	solid	-0.005612400192161328	0.005721	0.005931045141267788	-0.05138217899777229	0.005659	0.006879660588028295	0.00014243333096330125	0.005649	0.005848375586121105
56	11.0	0.413044	0.420822	0.323936	3.585148	0.119022	AUT	842695.24782	0.021672	0.018615	0.018768	0.070207	0.001709	neutron	pi+	solid	-0.004343958259563072	0.021672	0.021741418434174334	-0.06098443861951979	0.018615	0.01917734193056823	0.0004198936249759703	0.018768	0.018845672554707444
57	11.0	0.318791	0.531087	0.323867	3.403925	0.49048	AUT	3357472.121021	0.007408	0.008595	0.008638	0.070207	0.001528	neutron	pi+	solid	-0.02634447212248721	0.007408	0.007786792902021434	-0.2008056811209018	0.008595	0.01658196040156534	0.013468703898487373	0.008638	0.008822923678892215
58	11.0	0.306862	0.540757	0.374379	3.3739	0.122615	AUT	4853994.390453	0.005974	0.005861	0.005894	0.070207	0.001525	neutron	pi+	solid	-0.008560488306506287	0.005974	0.006194796966445745	-0.05733894298329445	0.005861	0.007272026022571289	0.00033831499026457833	0.005894	0.006088138070159801
59	11.0	0.414628	0.419198	0.374378	3.585218	0.148084	AUT	762442.832591	0.024959	0.020794	0.020881	0.070207	0.001737	neutron	pi+	solid	-0.006393804114986391	0.024959	0.02502339609360573	-0.06671891530913726	0.020794	0.021385713096378805	0.0009612801970110056	0.020881	0.020953230889554166
60	11.0	0.322348	0.518672	0.373311	3.376961	0.607074	AUT	1793129.303239	0.009728	0.013568	0.013612	0.070207	0.001552	neutron	pi+	solid	-0.03657980869055694	0.009728	0.010180281270297058	-0.20094822197061746	0.013568	0.019635024748414314	0.02545655970141116	0.013612	0.013816274258260871
61	11.0	0.318338	0.52571	0.423885	3.384949	0.16117	AUT	4934874.595748	0.006134	0.005991	0.006009	0.070207	0.001561	neutron	pi+	solid	-0.012413489202851584	0.006134	0.006389226351221973	-0.06785325442660897	0.005991	0.007811679673795903	0.0009391460486415773	0.006009	0.00620879612928221
62	11.0	0.44446	0.410657	0.424183	3.767275	0.19813	AUT	138720.132568	0.089401	0.065508	0.066681	0.070207	0.001833	neutron	pi+	solid	-0.008406777383707483	0.089401	0.08942173697316218	-0.07318623607530532	0.065508	0.06573476180190378	0.0027326228042501084	0.066681	0.06670646487511107
63	11.0	0.319311	0.525682	0.474001	3.393292	0.235636	AUT	4688222.098053	0.006366	0.006228	0.006249	0.070207	0.001578	neutron	pi+	solid	-0.020357836369991347	0.006366	0.006712587551108157	-0.08776992208651058	0.006228	0.008902195652149376	0.0031860427912813426	0.006249	0.006449040150565134
64	11.0	0.319456	0.525749	0.523895	3.394119	0.228805	AUT	3733292.950993	0.00718	0.007042	0.007037	0.070207	0.001595	neutron	pi+	solid	-0.02221079292226851	0.00718	0.007518510970342061	-0.07891162305007643	0.007042	0.009100935798136402	0.003293031847282766	0.007037	0.007219199721114588
65	11.0	0.318113	0.527429	0.573878	3.393078	0.221182	AUT	2908901.558525	0.008201	0.008024	0.00806	0.070207	0.001612	neutron	pi+	solid	-0.024092635434219113	0.008201	0.008527368958994053	-0.0716804036684805	0.008024	0.00960774869837894	0.00331685380515438	0.00806	0.008222917410465512
66	11.0	0.313175	0.533999	0.623716	3.392657	0.212656	AUT	2194253.81687	0.00947	0.009306	0.009266	0.070207	0.001624	neutron	pi+	solid	-0.026175704278748286	0.00947	0.009782406771123648	-0.06560076534596512	0.009306	0.010509560728701108	0.0032099970837655705	0.009266	0.00940993735643634
67	11.0	0.304216	0.546056	0.673347	3.385233	0.21207	AUT	1557884.623048	0.011072	0.010952	0.011003	0.070207	0.001628	neutron	pi+	solid	-0.029656638813476154	0.011072	0.011383089368559203	-0.06280156390798924	0.010952	0.01191792488973039	0.0033515303107532583	0.011003	0.011125275704814764
68	11.0	0.360486	0.603328	0.324089	4.444888	0.226225	AUT	3033648.315966	0.007879	0.007909	0.007935	0.070207	0.00161	neutron	pi+	solid	-0.010438024038979046	0.007879	0.008075132791607155	-0.09586627329226075	0.007909	0.010509223970287406	0.0018408354224057496	0.007935	0.008097717447328045
69	11.0	0.475598	0.448112	0.323861	4.397761	0.245211	AUT	237176.510331	0.046625	0.040491	0.041154	0.070207	0.001862	neutron	pi+	solid	-0.00610915040550198	0.046625	0.046664136428354944	-0.09629917359559585	0.040491	0.041093765590142516	0.0035582555716730047	0.041154	0.04119685870620343
70	11.0	0.368509	0.592749	0.373962	4.44436	0.228861	AUT	2601387.518034	0.008807	0.008747	0.008746	0.070207	0.001646	neutron	pi+	solid	-0.012103922994434772	0.008807	0.008999705064899959	-0.08706635435408602	0.008747	0.010797408460193048	0.002376079242089761	0.008746	0.008901104428293782
71	11.0	0.368019	0.593623	0.424117	4.447614	0.22802	AUT	2072629.52501	0.00999	0.009873	0.00984	0.070207	0.001665	neutron	pi+	solid	-0.014031624491730465	0.00999	0.010175597426566497	-0.07802412290007542	0.009873	0.011412934795414685	0.0027167315872869244	0.00984	0.009981693458349646
72	11.0	0.367051	0.595176	0.474162	4.447555	0.22849	AUT	1656306.299299	0.011267	0.0111	0.011104	0.070207	0.001682	neutron	pi+	solid	-0.016102172964066002	0.011267	0.011447812451160524	-0.07106284810976642	0.0111	0.012285370827862208	0.0030858709511937623	0.011104	0.011232759104986294
73	11.0	0.367776	0.593713	0.523865	4.444492	0.228107	AUT	1321602.26104	0.012869	0.012624	0.012597	0.070207	0.001705	neutron	pi+	solid	-0.01806705226738216	0.012869	0.013043278331833727	-0.06562924349796202	0.012624	0.01354631597136217	0.0034666234235951584	0.012597	0.012714191615020486
74	11.0	0.365673	0.596767	0.57385	4.44655	0.224683	AUT	1048776.361845	0.014564	0.01428	0.014297	0.070207	0.001725	neutron	pi+	solid	-0.02012332296125473	0.014564	0.014733693344530332	-0.06058395174406654	0.01428	0.014999519506641542	0.003672245983032853	0.014297	0.014402996347920022
75	11.0	0.361733	0.602916	0.623777	4.457719	0.219798	AUT	791487.429223	0.016774	0.016523	0.016516	0.070207	0.001743	neutron	pi+	solid	-0.022295660072414722	0.016774	0.01693680385432735	-0.05633439788047607	0.016523	0.01707893876575029	0.003766477560660739	0.016516	0.01660982329403719
76	11.0	0.442915	0.59892	0.323935	5.431585	0.210459	AUT	1737917.506735	0.011462	0.01148	0.01153	0.070207	0.001787	neutron	pi+	solid	-0.006327778137189782	0.011462	0.01160896958823445	-0.07474939345392917	0.01148	0.012748511492619534	0.0017921683864680134	0.01153	0.011668337515191312
77	11.0	0.441495	0.600339	0.374216	5.427915	0.204566	AUT	1394787.883462	0.012957	0.012941	0.012929	0.070207	0.001812	neutron	pi+	solid	-0.007431826901142602	0.012957	0.013093488192296679	-0.06501626682205215	0.012941	0.01384154511538275	0.0019707174221016382	0.012929	0.013056091604301033
78	11.0	0.441961	0.60003	0.424131	5.431522	0.200401	AUT	1123675.225852	0.014746	0.014684	0.014624	0.070207	0.00184	neutron	pi+	solid	-0.008478908832050347	0.014746	0.01487227194456265	-0.057304563111908756	0.014684	0.01533595269552502	0.0021568859325021266	0.014624	0.0147400782422545
79	11.0	0.441722	0.600316	0.474102	5.430519	0.194271	AUT	889015.29792	0.016754	0.016615	0.016563	0.070207	0.001866	neutron	pi+	solid	-0.009448804643428729	0.016754	0.016870641206319117	-0.05060233949634785	0.016615	0.01709273006132888	0.0022417001003280025	0.016563	0.016668524062464173
80	11.0	0.442325	0.599896	0.523926	5.433778	0.191982	AUT	706864.522066	0.01909	0.018933	0.018963	0.070207	0.001897	neutron	pi+	solid	-0.010565665747497087	0.01909	0.019198358056103846	-0.04608410706247612	0.018933	0.019300908923016828	0.0024416425743067206	0.018963	0.01905841973914967
81	11.0	0.440773	0.601219	0.573908	5.429914	0.192152	AUT	560840.310837	0.021802	0.021596	0.021651	0.070207	0.001926	neutron	pi+	solid	-0.012020013427237089	0.021802	0.021903169377600964	-0.043279639553392715	0.021596	0.021893592185094946	0.00273119963246816	0.021651	0.021737342174390852
82	11.0	0.519963	0.61773	0.324191	6.604399	0.194494	AUT	837911.278833	0.018414	0.018452	0.018474	0.070207	0.002006	neutron	pi+	solid	-0.003510692103168061	0.018414	0.018524583180323847	-0.05058741673980062	0.018452	0.018897463771009145	0.0014018070131992814	0.018474	0.01858285225254576
83	11.0	0.519979	0.617602	0.374169	6.603919	0.180683	AUT	676570.892854	0.020823	0.02078	0.02081	0.070207	0.002045	neutron	pi+	solid	-0.003940995342361867	0.020823	0.020925006782406934	-0.042111756238268704	0.02078	0.02108865937386294	0.001358621575742405	0.02081	0.020910457270217037
84	11.0	0.520535	0.617069	0.4241	6.604636	0.172923	AUT	540389.188462	0.02375	0.023678	0.023625	0.070207	0.002085	neutron	pi+	solid	-0.004426930746911504	0.02375	0.02384337062139398	-0.0362383652176956	0.023678	0.02390539261373738	0.0013908974869128548	0.023625	0.023717027336219772
85	8.8	0.132601	0.589065	0.323659	1.258888	0.211456	AUT	19338501.968609	0.002453	0.002357	0.00236	0.070207	0.001799	neutron	pi+	solid	-0.020621649420740167	0.002453	0.0033689299367290434	-0.07735607303647518	0.002357	0.006187643784280219	0.00028518699054195043	0.00236	0.0029675582362291104
86	8.8	0.212753	0.450699	0.323722	1.572734	0.168194	AUT	9533074.54622	0.003644	0.003778	0.003775	0.070207	0.002017	neutron	pi+	solid	-0.014036148628072485	0.003644	0.004279965991320197	-0.09572382557958371	0.003778	0.007969094031247544	0.0004436832606440462	0.003775	0.004280173396252011
87	8.8	0.148753	0.58566	0.325718	1.37054	0.483385	AUT	11282335.553212	0.003028	0.003031	0.003028	0.070207	0.001839	neutron	pi+	solid	-0.04470978530548229	0.003028	0.004733249272604837	-0.15345114259911255	0.003031	0.011341685539695603	0.0031990007411510026	0.003028	0.0035498093859430545
88	8.8	0.151987	0.550824	0.373849	1.332599	0.177418	AUT	19471269.018668	0.002604	0.002456	0.002474	0.070207	0.001861	neutron	pi+	solid	-0.01983919199784081	0.002604	0.003490582837804698	-0.06814242995511581	0.002456	0.005690574325479061	0.00028752070406267376	0.002474	0.0030958689367003548
89	8.8	0.254886	0.4163	0.373456	1.749312	0.125333	AUT	1500739.180481	0.010335	0.010028	0.00999	0.070207	0.002154	neutron	pi+	solid	-0.010884252429773634	0.010335	0.010584699679637054	-0.0690866970111616	0.010028	0.011345773952719707	0.00031613378973333885	0.00999	0.01021960413173465
90	8.8	0.15224	0.570594	0.375093	1.361553	0.507285	AUT	12699721.575731	0.002889	0.002969	0.002955	0.070207	0.001859	neutron	pi+	solid	-0.05379217290392383	0.002889	0.005105370897004379	-0.14909202905024715	0.002969	0.011037902734536961	0.004530692027583898	0.002955	0.0035055791092459617
91	8.8	0.139612	0.574111	0.423892	1.284982	0.289281	AUT	19277082.352409	0.002417	0.002375	0.00237	0.070207	0.001837	neutron	pi+	solid	-0.03696373011826279	0.002417	0.003993878742378351	-0.08723470596433637	0.002375	0.006820889607172574	0.0010739658555898796	0.00237	0.0029995256538426496
92	8.8	0.225417	0.441031	0.424043	1.633503	0.241404	AUT	5609533.37772	0.005014	0.005177	0.005171	0.070207	0.002085	neutron	pi+	solid	-0.026017768367884945	0.005014	0.005729223001248708	-0.10978467702622262	0.005177	0.009516116119160476	0.0019287534853541608	0.005171	0.005577167955929439
93	8.8	0.15952	0.539304	0.473741	1.36055	0.269982	AUT	18827320.439811	0.002562	0.002502	0.002515	0.070207	0.001898	neutron	pi+	solid	-0.03762487618924282	0.002562	0.004140522559309736	-0.08560408628146608	0.002502	0.006781045726766851	0.001380953520262419	0.002515	0.0031523053163332753
94	8.8	0.295785	0.39466	0.472847	1.927454	0.201049	AUT	68088.411944	0.079071	0.065643	0.065406	0.070207	0.002304	neutron	pi+	solid	-0.019502634799003243	0.079071	0.07911640932489888	-0.08952386486008229	0.065643	0.0659834496592313	0.0021074972706736747	0.065406	0.06544673517048454
95	8.8	0.154766	0.554079	0.523932	1.356285	0.344145	AUT	17801871.127115	0.002569	0.002522	0.002555	0.070207	0.001894	neutron	pi+	solid	-0.05246629455428075	0.002569	0.004873928360310448	-0.09381576177408059	0.002522	0.007302739738701772	0.002728021032938047	0.002555	0.003186211429709835
96	8.8	0.153575	0.558166	0.573928	1.357717	0.342649	AUT	13820314.993936	0.002958	0.002897	0.002898	0.070207	0.001901	neutron	pi+	solid	-0.057310142638942546	0.002958	0.005343473230870882	-0.08736749672193703	0.002897	0.007044858634649528	0.0029356650031949556	0.002898	0.0034719855925407824
97	8.8	0.150375	0.56561	0.623529	1.350068	0.337759	AUT	10463117.952219	0.003396	0.003308	0.003323	0.070207	0.001904	neutron	pi+	solid	-0.06184141358698675	0.003396	0.005831671455436281	-0.08100879597133374	0.003308	0.006849410404678625	0.0029780335910657547	0.003323	0.003835525902196361
98	8.8	0.145242	0.581818	0.673121	1.34989	0.327005	AUT	7173243.444754	0.004237	0.004069	0.004089	0.070207	0.001903	neutron	pi+	solid	-0.06546012059763466	0.004237	0.006534108654382825	-0.07338773814395327	0.004069	0.006835547135442645	0.0027618814689179118	0.004089	0.004514302663014195
99	8.8	0.279127	0.504785	0.324166	2.298986	0.2429	AUT	4810957.121509	0.005743	0.005875	0.005851	0.070207	0.002198	neutron	pi+	solid	-0.01605001692417229	0.005743	0.006251638528116538	-0.1292002603618073	0.005875	0.011028398096856854	0.0018760709861480808	0.005851	0.006251620061835103
100	8.8	0.279473	0.504476	0.374244	2.300521	0.254252	AUT	3928918.373056	0.006414	0.006483	0.006495	0.070207	0.002221	neutron	pi+	solid	-0.01977824195196329	0.006414	0.006928229681016156	-0.12025849897506166	0.006483	0.010874106112985588	0.0025506805387137846	0.006495	0.006866580960037671
101	8.8	0.278085	0.506167	0.424078	2.296406	0.257987	AUT	3164140.545823	0.007163	0.007235	0.007226	0.070207	0.002236	neutron	pi+	solid	-0.023159348450271646	0.007163	0.007678018828026211	-0.10964152712923793	0.007235	0.010798055762616322	0.0030377483716523715	0.007226	0.007567050720374417
0	11.0	0.153095	0.516554	0.323852	1.565852	0.111605	AUT	18986910.693584	0.002271	0.00209	0.002096	0.070207	0.001008	neutron	pi-	solid	-0.0016102278343610244	0.002271	0.0024872243840162946	0.041344165104519416	0.00209	0.003716118924159549	-4.361347395880127e-05	0.002096	0.0023257879042740386
1	11.0	0.278347	0.324223	0.324397	1.86146	0.098633	AUT	524946.43294	0.019998	0.016355	0.016434	0.070207	0.001082	neutron	pi-	solid	-8.429625373863418e-05	0.019998	0.0200272505108649	0.056285591548587005	0.016355	0.016860374481372568	-0.00010552780349453827	0.016434	0.0164695821103687
2	11.0	0.104873	0.659004	0.323231	1.399202	0.300661	AUT	19837336.624054	0.002877	0.002361	0.002383	0.070207	0.000993	neutron	pi-	solid	-0.006146297183358791	0.002877	0.0030739846362161745	0.05924779673308008	0.002361	0.004884948914250848	-0.00027032812706661224	0.002383	0.002581685147275539
3	11.0	0.212225	0.401404	0.319117	1.721749	0.361383	AUT	1775401.396491	0.006621	0.011223	0.011381	0.070207	0.001041	neutron	pi-	solid	-0.002511387888827093	0.006621	0.006704655821728873	0.1610249137395397	0.011223	0.015963839013670596	-0.0025299412719305718	0.011381	0.01142989023209072
4	11.0	0.096064	0.688271	0.323505	1.335788	0.490592	AUT	19305567.841806	0.001951	0.001931	0.001935	0.070207	0.000991	neutron	pi-	solid	-0.010079161052036266	0.001951	0.0022998301905073795	0.07016109405568081	0.001931	0.005382782454642334	-0.0007131128076671804	0.001935	0.0021745833061486666
5	11.0	0.182561	0.468475	0.324744	1.715391	0.475258	AUT	6546450.227554	0.003339	0.003929	0.003922	0.070207	0.001022	neutron	pi-	solid	-0.004815116381833343	0.003339	0.0035082311923625062	0.16339991071447998	0.003929	0.012168981981938892	-0.003574767120424968	0.003922	0.0040607334048980955
6	11.0	0.102453	0.695341	0.326848	1.402648	0.669028	AUT	6246708.531735	0.003322	0.003841	0.003868	0.070207	0.000994	neutron	pi-	solid	-0.012889343387489975	0.003322	0.003583657916646833	0.07808146668373372	0.003841	0.0067669909638673875	-0.0014726792932360107	0.003868	0.003995015642944697
7	11.0	0.107805	0.631883	0.3734	1.385831	0.249664	AUT	18077151.977655	0.003934	0.00292	0.002938	0.070207	0.000983	neutron	pi-	solid	-0.004563955372903205	0.003934	0.004067593270138124	0.048444464720445245	0.00292	0.004589166148255223	-0.0002093298360037639	0.002938	0.0030981202340701415
8	11.0	0.185659	0.46154	0.373917	1.720855	0.125287	AUT	10662788.395519	0.002751	0.002658	0.002664	0.070207	0.00101	neutron	pi-	solid	-0.0008633428074709517	0.002751	0.002931172956416898	0.048803004756583314	0.002658	0.00445249163100581	-0.00010927801623198613	0.002664	0.0028490445522731636
9	11.0	0.094295	0.694014	0.373883	1.325681	0.556656	AUT	18634877.317781	0.0019	0.001943	0.00195	0.070207	0.000983	neutron	pi-	solid	-0.01043911923770099	0.0019	0.002261289522004357	0.06395210574018367	0.001943	0.004990051071148343	-0.0010096475281787373	0.00195	0.0021849058532098066
10	11.0	0.180226	0.471287	0.373688	1.6976	0.529391	AUT	7172853.679403	0.00313	0.003667	0.003681	0.070207	0.001008	neutron	pi-	solid	-0.003809290170759756	0.00313	0.0032991646716216015	0.15262441894143577	0.003667	0.011370165451490636	-0.005012181448853422	0.003681	0.003832708145558264
11	11.0	0.128767	0.579629	0.423732	1.490129	0.217083	AUT	19130773.492386	0.002706	0.002278	0.002287	0.070207	0.000981	neutron	pi-	solid	-0.0027743713249080257	0.002706	0.00288491531252489	0.04832872075236384	0.002278	0.004202879058775823	-0.0002510766618698439	0.002287	0.002488582070795992
12	11.0	0.235502	0.373113	0.4243	1.798	0.103056	AUT	2358480.778809	0.005836	0.005713	0.005709	0.070207	0.001023	neutron	pi-	solid	0.0003792817394814383	0.005836	0.005925042958730102	0.042965147668093596	0.005713	0.006540939800376156	-0.00011362318949082988	0.005709	0.00579993738197359
13	11.0	0.117098	0.632195	0.423686	1.422288	0.575482	AUT	18919657.683437	0.001883	0.001881	0.00188	0.070207	0.000982	neutron	pi-	solid	-0.00777634615738407	0.001883	0.0021927331572225684	0.0821364930113152	0.001881	0.0061445636071395925	-0.0021823097042382045	0.00188	0.002126546108428655
14	11.0	0.288502	0.318723	0.421338	1.897593	0.511421	AUT	93494.687856	0.053123	0.073102	0.073585	0.070207	0.001052	neutron	pi-	solid	0.0036069347700544347	0.053123	0.05313401885309423	0.18155882577354007	0.073102	0.0742124482897205	-0.013086807951875917	0.073585	0.07359825470649804
15	11.0	0.118946	0.606656	0.47361	1.445026	0.319515	AUT	19333097.387695	0.002584	0.002207	0.002215	0.070207	0.000972	neutron	pi-	solid	-0.003579994538922384	0.002584	0.0027721854439612787	0.05443652339056164	0.002207	0.004519068412062448	-0.0006500703468423392	0.002215	0.002419316424724481
16	11.0	0.218383	0.397642	0.473482	1.767618	0.189885	AUT	3986848.661058	0.004301	0.004281	0.004266	0.070207	0.001001	neutron	pi-	solid	0.0012099430295066948	0.004301	0.004416765547639106	0.06638708105178108	0.004281	0.006407212419792101	-0.000641210883497786	0.004266	0.004382098079074769
17	11.0	0.112788	0.646997	0.474652	1.415435	0.74001	AUT	8624715.426018	0.002844	0.00281	0.002811	0.070207	0.000974	neutron	pi-	solid	-0.00783168230368539	0.002844	0.003056032532122532	0.07571930479044854	0.00281	0.00609137917561583	-0.003180443690373385	0.002811	0.0029833295427582397
18	11.0	0.116918	0.613519	0.523911	1.432661	0.410884	AUT	18535177.844709	0.002248	0.002053	0.002063	0.070207	0.000964	neutron	pi-	solid	-0.0029085401611055692	0.002248	0.0024544851986965967	0.058988408926054725	0.002053	0.004721789125398988	-0.0012747024118477048	0.002063	0.002278875600557755
19	11.0	0.214849	0.403234	0.523548	1.765429	0.238963	AUT	3570485.28388	0.004452	0.004453	0.004452	0.070207	0.000985	neutron	pi-	solid	0.0028446151040699124	0.004452	0.00456403482020574	0.07392548612605696	0.004453	0.006909155734365302	-0.0012868654692212785	0.004452	0.004560558252440549
20	11.0	0.128719	0.588191	0.573738	1.473739	0.437228	AUT	18025055.808078	0.002116	0.001997	0.002003	0.070207	0.000956	neutron	pi-	solid	0.0008251217747806187	0.002116	0.0023226596407201613	0.06501864944443679	0.001997	0.005073363609209912	-0.0020111211508806277	0.002003	0.0022239336695694684
21	11.0	0.277339	0.324793	0.573384	1.858187	0.183465	AUT	220012.630921	0.031098	0.024551	0.024456	0.070207	0.000989	neutron	pi-	solid	0.004686337692425761	0.031098	0.031115461992739443	0.06063283805710484	0.024551	0.024936930264978507	-0.001039223699556697	0.024456	0.024476098142374867
22	11.0	0.127669	0.591575	0.623677	1.468274	0.473285	AUT	14255544.904257	0.002345	0.00222	0.002217	0.070207	0.000944	neutron	pi-	solid	0.004799622214016011	0.002345	0.0025502368146572718	0.06415298599911627	0.00222	0.0051093492836164454	-0.0024983014983598127	0.002217	0.0024159862473240733
23	11.0	0.124659	0.598998	0.673633	1.459415	0.48124	AUT	10455262.132897	0.002773	0.002596	0.002609	0.070207	0.000929	neutron	pi-	solid	0.009702793068061977	0.002773	0.0030027668707348883	0.060029108708215574	0.002596	0.005036264561298609	-0.0025626350789048043	0.002609	0.0027753002321898295
24	11.0	0.222272	0.531648	0.324088	2.38677	0.100567	AUT	11086426.886255	0.002786	0.002705	0.002725	0.070207	0.001057	neutron	pi-	solid	-0.0007173467621106984	0.002786	0.002980198216228337	0.04476802249518182	0.002705	0.00427935772044732	-6.356031232829999e-05	0.002725	0.0029228229355924007
25	11.0	0.326139	0.386176	0.324343	2.593902	0.102938	AUT	1896061.395307	0.008351	0.007569	0.007605	0.070207	0.00112	neutron	pi-	solid	6.31471691028769e-05	0.008351	0.008425771220179125	0.05545730611103845	0.007569	0.008585070405592575	-0.00014455238313830894	0.007605	0.007687036359603224
26	11.0	0.205842	0.571735	0.32332	2.33645	0.415608	AUT	10688184.954221	0.002725	0.002882	0.002889	0.070207	0.001047	neutron	pi-	solid	-0.0036429625829412144	0.002725	0.002930400643532148	0.14046341254679415	0.002882	0.01032722650292809	-0.002823832142426413	0.002889	0.003079258703983119
27	11.0	0.344264	0.371038	0.323562	2.63492	0.456784	AUT	661147.471855	0.018061	0.022665	0.022813	0.070207	0.001129	neutron	pi-	solid	0.0005653895820982756	0.018061	0.01809629624088752	0.19592289168769547	0.022665	0.02653641366442387	-0.009913104567207703	0.022813	0.02285152037199214
28	11.0	0.206881	0.565536	0.374186	2.362753	0.156939	AUT	11151654.985552	0.002927	0.002738	0.002765	0.070207	0.001032	neutron	pi-	solid	-0.0008659565487346981	0.002927	0.0031041986372206693	0.05571449586688921	0.002738	0.004884861586132767	-0.00022646782373846527	0.002765	0.0029513559253541207
29	11.0	0.313019	0.397859	0.374224	2.559691	0.114846	AUT	2476115.726002	0.006612	0.006205	0.00623	0.070207	0.001091	neutron	pi-	solid	0.00041348377085840974	0.006612	0.006701467578766866	0.05433279889627698	0.006205	0.007364987635117052	-0.00021515849736266683	0.00623	0.00632482483394892
30	11.0	0.224641	0.535545	0.373587	2.366526	0.572589	AUT	6483238.883738	0.003417	0.003939	0.003933	0.070207	0.001041	neutron	pi-	solid	-0.0017602703300518387	0.003417	0.0035741912136603767	0.16096685064945543	0.003939	0.012012992793118373	-0.008123298091457409	0.003933	0.004108214480911248
31	11.0	0.211763	0.554183	0.42368	2.358801	0.219684	AUT	11072436.934925	0.002797	0.002672	0.002681	0.070207	0.001021	neutron	pi-	solid	-0.0001769365499208995	0.002797	0.0029775500517479603	0.06969655765883555	0.002672	0.005667918173225277	-0.0007070755287509496	0.002681	0.0028692623256820287
32	11.0	0.321957	0.38583	0.423502	2.557952	0.209737	AUT	1917284.825908	0.007972	0.007265	0.007291	0.070207	0.001075	neutron	pi-	solid	0.0016637165853246893	0.007972	0.00804500169689057	0.08609921324044671	0.007265	0.009511838081753442	-0.0014525246776865715	0.007291	0.007370529518977603
33	11.0	0.221668	0.538251	0.473766	2.375897	0.276637	AUT	10845745.258667	0.002761	0.002661	0.002672	0.070207	0.001011	neutron	pi-	solid	0.0014954874874407325	0.002761	0.002942153237842358	0.08038425674130849	0.002661	0.0063208035613406275	-0.0016354363787290933	0.002672	0.0028591761788240525
34	11.0	0.354259	0.372371	0.473489	2.721332	0.210489	AUT	383314.423675	0.025085	0.019847	0.020077	0.070207	0.001066	neutron	pi-	solid	0.0027172074568427	0.025085	0.025108364603099002	0.07604854117606442	0.019847	0.02058023761271565	-0.0018150904669964156	0.020077	0.02010568387120922
35	11.0	0.22437	0.53638	0.523795	2.387659	0.302127	AUT	8862400.150679	0.003011	0.002908	0.002902	0.070207	0.000995	neutron	pi-	solid	0.003649311139588781	0.003011	0.003181475777490881	0.07982503741159677	0.002908	0.00639174490925891	-0.00228974121723952	0.002902	0.0030720467846455744
36	11.0	0.222876	0.539393	0.573705	2.387783	0.300456	AUT	6740579.104153	0.003365	0.003234	0.003251	0.070207	0.000975	neutron	pi-	solid	0.006077171901407736	0.003365	0.0035292901215620287	0.07311894871478572	0.003234	0.006145064152495644	-0.0023589212832572626	0.003251	0.003398095583567866
37	11.0	0.219979	0.543775	0.623612	2.385585	0.294138	AUT	4895140.102912	0.003846	0.003714	0.00371	0.070207	0.000951	neutron	pi-	solid	0.008986240828580804	0.003846	0.00401175124316556	0.06663753578199827	0.003714	0.006048621702043854	-0.0022751211301640915	0.00371	0.0038332772519800735
38	11.0	0.214636	0.5537	0.673309	2.383384	0.290464	AUT	3387699.803987	0.004543	0.004361	0.004351	0.070207	0.000925	neutron	pi-	solid	0.012474735688438996	0.004543	0.004718211923711784	0.06113596144218487	0.004361	0.006188431974044184	-0.0021620708650987334	0.004351	0.004450827672001818
39	11.0	0.307653	0.538035	0.323782	3.364383	0.211008	AUT	5092682.984853	0.00421	0.004244	0.004256	0.070207	0.001118	neutron	pi-	solid	-0.00018290217449091226	0.00421	0.004355937200145791	0.0937536617778325	0.004244	0.007911152516218403	-0.000923822455603839	0.004256	0.004400871125623293
40	11.0	0.415105	0.417736	0.323723	3.577132	0.239913	AUT	803039.862031	0.015577	0.01371	0.013897	0.070207	0.001172	neutron	pi-	solid	0.0006528601467922088	0.015577	0.015621095156214973	0.10324302631619317	0.01371	0.015552387027997749	-0.0021070752419271362	0.013897	0.013947117146866896
41	11.0	0.320632	0.523798	0.373795	3.390981	0.244022	AUT	4844943.680539	0.004335	0.004287	0.00432	0.070207	0.001101	neutron	pi-	solid	0.0008068384048250751	0.004335	0.004472989462961982	0.09547572691998342	0.004287	0.008032536449501896	-0.0017240993900472386	0.00432	0.004459736832216079
42	11.0	0.319506	0.525315	0.42387	3.391435	0.241649	AUT	3706889.613446	0.004873	0.004798	0.004831	0.070207	0.00108	neutron	pi-	solid	0.001773717893214168	0.004873	0.004992798421363666	0.08428407234894156	0.004798	0.007694284919924197	-0.0018543295391243292	0.004831	0.004951960180833917
43	11.0	0.319033	0.526199	0.473915	3.393123	0.236246	AUT	2780448.724487	0.005546	0.005422	0.005442	0.070207	0.001058	neutron	pi-	solid	0.0028683289904258857	0.005546	0.005649604641466287	0.07437619349040119	0.005422	0.007601572606894868	-0.001890806465122847	0.005442	0.005545480140758422
44	11.0	0.31822	0.52769	0.523883	3.393607	0.230214	AUT	2119186.305181	0.006169	0.006051	0.006026	0.070207	0.001033	neutron	pi-	solid	0.004179543664978497	0.006169	0.006261769163409367	0.06621809940391736	0.006051	0.007700301956908803	-0.0018751002739676216	0.006026	0.0061153164635569445
45	11.0	0.316868	0.529057	0.573629	3.390447	0.222358	AUT	1564812.416541	0.006973	0.006826	0.006845	0.070207	0.001005	neutron	pi-	solid	0.005731711388696897	0.006973	0.00705653490030817	0.05934794127603071	0.006826	0.008060099099841837	-0.001786850188554724	0.006845	0.006919522205307922
46	11.0	0.369117	0.592064	0.323708	4.444195	0.232947	AUT	2171856.332245	0.006762	0.006751	0.006747	0.070207	0.001157	neutron	pi-	solid	0.0003269260959815261	0.006762	0.006860307559962276	0.08745536115339135	0.006751	0.009198586112971559	-0.0013915162388045755	0.006747	0.006846181574638433
47	11.0	0.368132	0.59327	0.373863	4.444794	0.229928	AUT	1668794.625522	0.007536	0.007479	0.007484	0.070207	0.00113	neutron	pi-	solid	0.001041363876976465	0.007536	0.007620599794192729	0.07639119184502904	0.007479	0.009272336096576312	-0.001529656538179223	0.007484	0.007569589762318651
48	11.0	0.367214	0.594046	0.423869	4.440506	0.227605	AUT	1269922.058012	0.008489	0.00838	0.008356	0.070207	0.001105	neutron	pi-	solid	0.0018684119161889799	0.008489	0.008561620935128378	0.0674814874912303	0.00838	0.00968973521242296	-0.0016454940565162226	0.008356	0.008429537773337176
49	11.0	0.366769	0.595155	0.473985	4.443915	0.228193	AUT	979653.092993	0.009383	0.009237	0.009262	0.070207	0.001079	neutron	pi-	solid	0.0028675953213165043	0.009383	0.009446981627070949	0.06086000130874678	0.009237	0.010234413207649598	-0.0017983201203832853	0.009262	0.009325493297372874
50	11.0	0.367085	0.594657	0.523752	4.443606	0.227675	AUT	738640.548107	0.0106	0.010389	0.010379	0.070207	0.00105	neutron	pi-	solid	0.004078152022378231	0.0106	0.010655725042229605	0.05550418627007295	0.010389	0.011145345849973705	-0.0019160740605000028	0.010379	0.01043284415285625
51	11.0	0.442241	0.599684	0.323901	5.430902	0.210342	AUT	1146397.096947	0.009459	0.009488	0.009498	0.070207	0.001198	neutron	pi-	solid	0.0006067380107029377	0.009459	0.00953465780855179	0.06643099055321834	0.009488	0.010639995438527049	-0.0011715716760553779	0.009498	0.009573608174514409
52	11.0	0.441575	0.600221	0.373786	5.428199	0.206226	AUT	874902.350511	0.010557	0.010521	0.010549	0.070207	0.001165	neutron	pi-	solid	0.0011032962984397834	0.010557	0.010621368740222266	0.057749466476843876	0.010521	0.011335208931946164	-0.0012654094305283349	0.010549	0.010613506425879651
53	11.0	0.441286	0.600745	0.423802	5.429447	0.200428	AUT	665823.268541	0.011719	0.011656	0.011726	0.070207	0.001134	neutron	pi-	solid	0.0016495957055058116	0.011719	0.011774308034417506	0.05009756669394617	0.011656	0.012227795667638755	-0.0012935524692832252	0.011726	0.011781055963938433
54	11.0	0.441304	0.600768	0.47387	5.430008	0.194116	AUT	503057.21298	0.013168	0.013067	0.013076	0.070207	0.001102	neutron	pi-	solid	0.002245978138232438	0.013168	0.013214972268248745	0.0437762531139834	0.013067	0.013468729594379322	-0.001283416639390232	0.013076	0.013122663558925454
55	11.0	0.520026	0.61775	0.323958	6.60509	0.192219	AUT	544105.110192	0.014175	0.014229	0.014193	0.070207	0.001245	neutron	pi-	solid	0.0006275453773489232	0.014175	0.014229637771716614	0.04460803332829298	0.014229	0.014622674632656131	-0.0008791687224312236	0.014193	0.014247634323890432
56	8.8	0.149375	0.557041	0.32346	1.323408	0.201063	AUT	18772631.793869	0.002032	0.002	0.001995	0.070207	0.001513	neutron	pi-	solid	-0.0027365302219854093	0.002032	0.0025406897624370827	0.06646865508648275	0.002	0.005297735050382168	-0.0002159159909033131	0.001995	0.002503881744340391
57	8.8	0.251558	0.418361	0.323381	1.734414	0.170142	AUT	1655229.581121	0.007247	0.007322	0.007357	0.070207	0.001608	neutron	pi-	solid	-0.00046418765008986136	0.007247	0.007423323720370368	0.08724040286403933	0.007322	0.009680474591684717	-0.00041374667518292405	0.007357	0.007530734146232986
58	8.8	0.146612	0.590322	0.325878	1.360482	0.486637	AUT	8243672.702079	0.002901	0.002901	0.002935	0.070207	0.001515	neutron	pi-	solid	-0.006632163191552012	0.002901	0.0033057271471240704	0.1197184201261395	0.002901	0.009019769762163942	-0.00205498334769707	0.002935	0.003306095136164594
59	8.8	0.143162	0.572417	0.373817	1.307101	0.287262	AUT	18987008.750546	0.00194	0.001924	0.001925	0.070207	0.001493	neutron	pi-	solid	-0.003312426579994522	0.00194	0.0024590101821430474	0.07548799802249805	0.001924	0.0058325427854241324	-0.0006057030373450219	0.001925	0.002436489758037568
60	8.8	0.238588	0.429688	0.373991	1.687592	0.241202	AUT	2830492.815697	0.005393	0.005499	0.005523	0.070207	0.001568	neutron	pi-	solid	1.9773942107460358e-05	0.005393	0.005616322188700649	0.10295459336026036	0.005499	0.009216481629796392	-0.0011696921985679335	0.005523	0.005741854821369999
61	8.8	0.155472	0.554304	0.424155	1.357016	0.323353	AUT	18001649.32845	0.002014	0.00198	0.001983	0.070207	0.001488	neutron	pi-	solid	-0.0021119904008879468	0.002014	0.0025084509011419906	0.08077256842315964	0.00198	0.00618809448582578	-0.0011288262743686603	0.001983	0.002480466448320162
62	8.8	0.155658	0.552881	0.474144	1.357322	0.337074	AUT	14249086.193993	0.002232	0.002193	0.00221	0.070207	0.001474	neutron	pi-	solid	-0.0009285215305144712	0.002232	0.0026755839676702252	0.07565204385968165	0.002193	0.005932273174534999	-0.001386426364172549	0.00221	0.002658241986650899
63	8.8	0.153518	0.557211	0.523879	1.352537	0.34697	AUT	11084607.197241	0.002519	0.002478	0.002475	0.070207	0.001459	neutron	pi-	solid	0.0006041409325475162	0.002519	0.0029113297693058675	0.06976214066101374	0.002478	0.00567957021731462	-0.0015613451436725272	0.002475	0.002875121208798843
64	8.8	0.151586	0.561409	0.573683	1.347379	0.349628	AUT	8367160.821726	0.002868	0.002803	0.002828	0.070207	0.001441	neutron	pi-	solid	0.0028318898411251927	0.002868	0.003215809974484819	0.0641114856742081	0.002803	0.0054948127200431345	-0.0016482658608913748	0.002828	0.003176075577251255
65	8.8	0.148775	0.569116	0.623333	1.344051	0.341855	AUT	6032031.996702	0.003348	0.003264	0.003267	0.070207	0.001419	neutron	pi-	solid	0.005663691762487919	0.003348	0.003657974201539421	0.05757222352245595	0.003264	0.005385610783893221	-0.0015653345521171016	0.003267	0.0035635554503832354
66	8.8	0.279295	0.504855	0.323829	2.299887	0.245267	AUT	3288062.490963	0.00518	0.005253	0.005287	0.070207	0.001647	neutron	pi-	solid	-0.0004199069964812218	0.00518	0.0054356120257615295	0.11186827564050021	0.005253	0.00959119018319569	-0.0012739568108425436	0.005287	0.005538319026228061
